  7.6393038e+000
  4.5460577e+000
  6.3355164e+000
  3.3326031e+000
  4.2002154e+000
  1.7758937e+001
  9.3351429e+000
  4.7383077e+000
  5.0760039e+000
  2.0580412e+001
  2.2717321e+001
  2.2364487e+001
  2.1064230e+001
  1.5490991e+001
  8.8409571e+000
  1.4441434e+001
  8.5491207e+000
  5.2709957e+000
  5.6874034e+000
  5.9678927e+000
  9.8948866e+000
  1.1866623e+001
  1.1852853e+001
  9.2045084e+000
  1.1745366e+001
  1.1088500e+001
  9.2266891e+000
  8.2448361e+000
  8.7124262e+000
  2.1373613e+000
  4.1673674e+000
  3.3976892e+000
  4.2246216e+000
  5.7764820e+000
  7.1149550e+000
  9.0528333e+000
  5.5547748e+000
  5.2193874e+000
  4.7306441e+000
  6.4600135e+000
  6.2605442e+000
  6.1235070e+000
  6.5170282e+000
  7.2903488e+000
  6.7167163e+000
  6.0977721e+000
  7.3423023e+000
  7.2227488e+000
  7.4628419e+000
  5.8365767e+000
