  2.8887997e+000
  2.4763470e+000
  7.1114824e+000
  4.5825014e+000
  6.4463727e+000
  1.6084505e+000
  7.9991347e+000
  4.2092262e+000
  4.0317899e+000
  6.2636207e+000
  2.4178365e+000
  3.3845140e+000
  3.6731363e+000
  7.5003342e+000
  7.9152177e+000
  1.0554360e+001
  1.6362455e+000
  1.0420211e+000
  5.7374747e-001
  2.9452933e-001
  4.4763720e+000
  3.2239679e+000
  2.5365921e+000
  2.5431331e+000
  1.8003717e+000
  1.4827814e+000
  1.2241849e+000
  1.0999906e+000
  7.1496147e+000
  4.3475261e-001
  2.1608902e+000
  3.2741928e-001
  5.0070819e-001
  1.1965867e+000
  1.4623826e+000
  1.3723263e+000
  2.0435301e+000
  1.5639431e+000
  1.8051226e+000
  1.8095818e+000
  1.0859935e-001
  1.3325805e-001
  2.9426582e+000
  1.1055257e+000
  2.1548531e+000
  2.9373992e+000
  2.7365866e+000
  2.5829492e+000
  4.9670856e+000
  5.0085253e+000
