  5.3811505e+000
  7.7312233e+000
  7.1707039e+000
  8.7590194e+000
  1.3244811e+001
  1.3758621e+001
  1.2412966e+001
  6.9123835e+000
  1.1833980e+001
  1.8189854e+000
  9.7002034e+000
  1.1488906e+001
  3.3343037e+000
  5.7943349e+000
  1.1402123e+001
  5.2032738e+000
  7.8310611e+000
  5.9416550e+000
  5.3731839e+000
  2.6247586e+000
  7.4928917e+000
  8.8275125e+000
  1.0116063e+001
  8.9501292e+000
  8.1156792e+000
  8.4999417e+000
  2.8144417e+000
  2.5881917e+000
  3.0647417e+000
  7.2680167e+000
  2.0078808e+000
  1.1801942e+001
  1.4869808e+000
  2.8524692e+000
  7.7126923e-001
  5.6936838e+000
  6.4303808e+000
  3.5218115e+000
  6.2523923e+000
  1.0066654e+000
  6.6950476e+000
  1.0032698e+001
  8.1182803e-001
  2.1751572e+000
  9.4178302e-001
  1.9949968e+000
  1.8152070e+000
  1.5632611e+000
  7.9499016e+000
  7.1122862e+000
