  3.4336030e+000
  2.7206592e+000
  2.2898056e+000
  4.3678226e+000
  1.8570016e+000
  2.3950312e+000
  6.6384977e-001
  5.4352913e+000
  7.9467285e+000
  2.9446548e+000
  7.7028732e+000
  7.9656950e+000
  4.0104126e+000
  6.0529340e+000
  4.4891127e+000
  3.9783040e+000
  1.4194086e+000
  3.1299262e+000
  1.4804291e+000
  3.3288757e+000
  1.8108038e+000
  2.2931810e+000
  1.4778129e+000
  1.5094592e+000
  1.1358026e+000
  1.2825147e+000
  1.0265240e+000
  1.8376834e+000
  1.6534831e+000
  6.8285890e+000
  3.9167541e+000
  6.5335212e+000
  3.6071772e+000
  4.3496685e+000
  5.7855878e-001
  8.6497689e+000
  9.1772984e+000
  6.4895970e+000
  9.1286728e+000
  4.1594435e-001
  9.7110364e+000
  1.1038578e+001
  1.2213861e+000
  1.9884153e+000
  1.3873432e+000
  1.9365892e+000
  9.7501475e-001
  2.5794121e-001
  8.8787811e+000
  7.2273027e+000
