  4.8641973e+000
  5.3749013e+000
  6.0021883e+000
  6.3910179e+000
  7.0149148e+000
  7.8567085e+000
  6.8121390e+000
  5.1761076e+000
  4.4471480e+000
  3.1613363e+000
  4.3136267e+000
  4.3223410e+000
  5.2552811e+000
  5.4485280e+000
  5.5667235e+000
  5.3084424e+000
  6.4878525e+000
  8.0848252e+000
  1.3203024e+001
  5.1903661e+000
  5.9279500e+000
  6.4270273e+000
  6.4584409e+000
  6.0658909e+000
  4.4331227e+000
  4.5588273e+000
  4.4372636e+000
  1.8244557e+001
  2.0215332e+001
  6.7133273e+000
  3.0676881e+000
  4.1621980e+000
  4.0318119e+000
  4.1585050e+000
  4.8626980e+000
  6.7101436e+000
  7.3274455e+000
  5.2885693e+000
  5.3285990e+000
  5.2135396e+000
  4.7763213e+000
  4.8905430e+000
  4.3039050e+000
  4.4278507e+000
  4.8208054e+000
  6.4625792e+000
  4.3051041e+000
  3.8018869e+000
  4.1431719e+000
  5.7750317e+000
