  8.7897686e-001
  1.1079112e+000
  1.8339387e+000
  1.9051548e+000
  1.7340489e+000
  1.6227355e+000
  1.4395966e+000
  1.5781898e+000
  1.4706059e+000
  1.5213437e+000
  1.1373784e+000
  9.6499628e-001
  1.7416032e+000
  1.3507528e+000
  2.0908882e+000
  1.8592985e+000
  1.9570159e+000
  6.5622430e+000
  8.3157349e+000
  2.1108767e-001
  2.2015979e+000
  1.6297169e+000
  1.4140509e+000
  2.7219901e+000
  1.5068443e+000
  3.1596316e-001
  3.1296415e-001
  6.6065815e+000
  1.5427259e+000
  7.0410827e+000
  1.8189398e+000
  6.0381097e-001
  3.5132495e-001
  6.7137241e-001
  7.9156242e-001
  1.7090878e+000
  2.5926998e+000
  1.4153772e+000
  1.7137560e+000
  1.5853725e+000
  1.0916351e+000
  1.1157189e+000
  1.5469755e+000
  1.5493630e+000
  1.1592280e+000
  1.4626051e+000
  1.9727231e+000
  1.4778178e+000
  1.3206282e+000
  1.6991214e+000
