  1.2803059e+001
  1.5364724e+001
  1.8108448e+001
  1.6888973e+001
  1.4065618e+001
  4.8436649e+000
  8.4674773e+000
  1.9598100e+000
  8.6497727e+000
  1.0807443e+001
  5.0391240e+000
  1.2281267e+001
  5.1209372e+000
  2.4590895e+001
  2.4058401e+001
  1.6916034e+000
  9.1153333e-001
  4.0813808e+000
  8.0986123e+000
  1.7985702e+001
  1.1606649e+001
  9.7354245e+000
  3.5022131e+000
  7.5223347e+000
  8.6167633e+000
  8.2935020e+000
  8.0666571e+000
  8.1830531e+000
  1.0803820e+001
  6.4685224e+000
  6.3317314e+000
  1.2885207e+001
  5.1352521e+000
  1.9421234e+000
  2.0546736e+000
  1.9385785e+000
  2.3792066e+000
  2.5853843e+000
  2.3308017e+000
  1.0031364e+000
  7.1335656e+000
  9.5218524e+000
  4.1044796e+000
  6.3410271e+000
  6.9213846e+000
  6.5154299e+000
  5.2718688e+000
  2.9094208e+000
  2.1190181e+000
  2.1008643e+000
