  1.4689085e+000
  2.4410698e+000
  2.5830027e+000
  3.7456092e+000
  6.2008331e+000
  4.3162102e+000
  6.6222628e+000
  6.0110759e-001
  4.4281123e+000
  8.0289930e+000
  4.6117620e+000
  6.3608318e-002
  5.8058891e+000
  9.5904761e-001
  2.4424695e-001
  5.3483107e+000
  3.9018131e+000
  5.1482966e+000
  5.2957025e+000
  5.6099539e+000
  9.1985601e-001
  1.4664755e+000
  4.2314117e+000
  3.1106833e+000
  1.5614221e+000
  7.3594395e-001
  2.6688863e+000
  3.1918233e+000
  4.7497540e+000
  3.2229983e+000
  3.2706172e+000
  2.5426678e+000
  5.9982551e+000
  1.5218961e+000
  6.5671754e-001
  1.1097735e+000
  1.0545168e+000
  1.3409557e+000
  3.4439067e+000
  8.5094344e-001
  5.9471371e+000
  1.0047049e+001
  3.2648835e+000
  5.1387494e+000
  1.0978282e+000
  8.4034543e-001
  1.2838332e+000
  1.2571690e+000
  1.5666766e+000
  7.0505528e-001
