  1.5932155e+001
  1.8263838e+001
  1.1223012e+001
  1.5435000e+001
  5.6984065e+000
  1.6191021e+001
  8.1319595e+000
  7.2313603e+000
  4.8246926e+000
  2.7752834e+000
  4.3585830e+000
  3.0408947e+000
  8.9714664e+000
  3.4498075e+000
  3.1198745e+000
  2.2079289e+000
  3.3880502e+000
  2.7169372e+000
  4.0709331e+000
  5.0360879e+000
  5.0580544e+000
  5.9817029e+000
  1.3603665e+001
  1.3858054e+001
  1.0220042e+001
  9.7473724e+000
  9.3717500e+000
  1.4376954e+001
  1.5155088e+001
  1.7087548e+001
  1.6493038e+001
  5.0047132e+000
  1.7198264e+001
  1.8696181e+001
  1.6173711e+001
  7.1879962e+000
  4.4199923e+000
  6.8770958e+000
  7.6093946e+000
  1.2283134e+001
  1.3929913e+001
  1.7212645e+001
  1.9981264e+001
  1.2026211e+001
  9.0378500e+000
  4.9982955e+000
  3.9351376e+000
  1.9564014e+001
  1.2705909e+001
  8.4830591e+000
