  9.5996468e+000
  5.1688359e+000
  8.8679872e+000
  9.3781111e+000
  8.6415864e+000
  8.8068678e+000
  6.2964738e+000
  2.5883357e+000
  2.8385539e+000
  8.7682265e-002
  6.6543520e+000
  5.3586261e+000
  6.8611505e+000
  2.4745506e+000
  2.0797938e+000
  5.7998460e-001
  1.1871043e+000
  1.6184646e-001
  1.3763814e+000
  2.8831958e+000
  2.9418930e+000
  5.3978955e+000
  7.4746026e+000
  2.2921931e+000
  2.9926100e+000
  1.1789594e+000
  2.5731296e+000
  6.3899486e+000
  5.3566135e+000
  1.7474289e+000
  1.4423988e+000
  7.3584211e+000
  1.6352114e+000
  9.1192612e-001
  7.6907163e+000
  7.8820087e+000
  4.6426573e+000
  2.8719932e+000
  4.2774582e+000
  5.0296206e+000
  9.1044568e+000
  4.3553122e+000
  1.3174615e+000
  1.0519761e+001
  1.0561491e+001
  5.5647006e+000
  5.6196972e+000
  4.2086141e+000
  1.9815515e+000
  5.0192711e+000
