  5.2015422e+000
  4.8169317e+000
  7.3016024e+000
  7.7766265e+000
  6.8147189e+000
  6.2372691e+000
  6.5164578e+000
  3.8982610e+000
  4.2824900e+000
  4.8078474e+000
  3.5438780e+000
  3.6606195e+000
  3.7722439e+000
  4.1605854e+000
  3.9469951e+000
  4.8566098e+000
  2.4639561e+000
  2.4752390e+000
  3.5390146e+000
  2.3627415e+000
  2.4181650e+000
  2.5341699e+000
  4.2024806e+000
  5.5521699e+000
  5.0615146e+000
  7.2049709e+000
  6.9584369e+000
  6.3503592e+000
  7.2707184e+000
  7.8318738e+000
  7.9545748e+000
  8.5259626e+000
  9.1367430e+000
  8.8658342e+000
  8.0087664e+000
  5.7184626e+000
  6.4774299e+000
  6.5685841e+000
  1.6432187e+001
  1.0696670e+001
  1.0674689e+001
  9.3935395e+000
  1.1893146e+001
  9.8613333e+000
  9.4723089e+000
  5.6658577e+000
  8.0636341e+000
  4.7451382e+000
  6.8770935e+000
  7.3324797e+000
