  1.7813082e+000
  1.8760423e+000
  1.6951513e+000
  1.0498890e+000
  1.5015928e+000
  2.0560301e+000
  4.1819908e+000
  2.1947950e-001
  6.0602004e-001
  5.5292352e-001
  1.1545607e+000
  1.2146115e+000
  8.1908223e-001
  1.2347544e+000
  1.7577734e+000
  3.8426257e+000
  2.6812653e-001
  5.5977480e-001
  6.9994190e-001
  1.1433448e+000
  1.2855297e+000
  1.3294815e+000
  1.5380775e+000
  5.7664027e-001
  5.2708488e-001
  1.7180035e+000
  1.5027141e+000
  4.6819334e-001
  1.2461257e+000
  5.5731525e-001
  7.8426032e-001
  4.0096376e-001
  6.6531506e-001
  1.0024269e+000
  8.8903306e-001
  1.9036273e+000
  1.3419391e+000
  1.1904558e+000
  8.1926763e+000
  4.7341046e+000
  6.4681950e+000
  3.8314840e+000
  5.9869360e+000
  4.1546654e+000
  3.7297570e+000
  1.6835139e+000
  4.3750849e+000
  1.0476701e+000
  1.6453083e+000
  1.9083206e+000
