"","xbin","zbin","bin.hits","lidar.pulses","sky.hits","can.hits","Freq","vai"
"1",1,0,0,0,0,0,1,0
"2",1,1,0,0,0,0,1,0
"3",1,10,0,0,0,0,1,0
"4",1,11,0,0,0,0,1,0
"5",1,12,364,607,0,607,1,3.48428824239092
"6",1,13,53,607,0,607,1,1.04440266662484
"7",1,14,0,0,0,0,1,0
"8",1,15,0,0,0,0,1,0
"9",1,16,0,0,0,0,1,0
"10",1,17,0,0,0,0,1,0
"11",1,18,0,0,0,0,1,0
"12",1,19,5,607,0,607,1,0.125370974746638
"13",1,2,0,0,0,0,1,0
"14",1,20,0,0,0,0,1,0
"15",1,21,0,0,0,0,1,0
"16",1,22,0,0,0,0,1,0
"17",1,3,128,607,0,607,1,1.95372781104306
"18",1,4,57,607,0,607,1,1.10488075357461
"19",1,5,0,0,0,0,1,0
"20",1,6,0,0,0,0,1,0
"21",1,7,0,0,0,0,1,0
"22",1,8,0,0,0,0,1,0
"23",1,9,0,0,0,0,1,0
"24",10,0,0,0,0,0,1,0
"25",10,1,0,0,0,0,1,0
"26",10,10,45,607,2,604,1,0.917667136006753
"27",10,11,24,607,2,604,1,0.540849920812538
"28",10,12,5,607,2,604,1,0.125370974746638
"29",10,13,20,607,2,604,1,0.46026646900866
"30",10,14,42,607,2,604,1,0.867991347744571
"31",10,15,40,607,2,604,1,0.834175169531344
"32",10,16,29,607,2,604,1,0.637217517579214
"33",10,17,3,607,2,604,1,0.0761615821998299
"34",10,18,5,607,2,604,1,0.125370974746638
"35",10,19,0,0,0,0,1,0
"36",10,2,0,0,0,0,1,0
"37",10,20,0,0,0,0,1,0
"38",10,21,0,0,0,0,1,0
"39",10,22,0,0,0,0,1,0
"40",10,3,0,0,0,0,1,0
"41",10,4,3,607,2,604,1,0.0761615821998299
"42",10,5,279,607,2,604,1,3.05637308983299
"43",10,6,109,607,2,604,1,1.75948918217088
"44",10,7,0,0,0,0,1,0
"45",10,8,0,0,0,0,1,0
"46",10,9,0,0,0,0,1,0
"47",11,0,0,0,0,0,1,0
"48",11,1,0,0,0,0,1,0
"49",11,10,99,486,0,486,1,1.91087473641949
"50",11,11,11,486,0,486,1,0.327222509008466
"51",11,12,5,486,0,486,1,0.155399969265919
"52",11,13,53,486,0,486,1,1.23734564568004
"53",11,14,160,486,0,486,1,2.55382226655607
"54",11,15,31,486,0,486,1,0.812196207766365
"55",11,16,4,486,0,486,1,0.125270953858329
"56",11,17,0,0,0,0,1,0
"57",11,18,0,0,0,0,1,0
"58",11,19,0,0,0,0,1,0
"59",11,2,0,0,0,0,1,0
"60",11,20,0,0,0,0,1,0
"61",11,21,0,0,0,0,1,0
"62",11,22,0,0,0,0,1,0
"63",11,3,0,0,0,0,1,0
"64",11,4,0,0,0,0,1,0
"65",11,5,0,0,0,0,1,0
"66",11,6,57,486,0,486,1,1.30579716257598
"67",11,7,0,0,0,0,1,0
"68",11,8,0,0,0,0,1,0
"69",11,9,66,486,0,486,1,1.45174974962045
"70",12,0,0,0,0,0,1,0
"71",12,1,0,0,0,0,1,0
"72",12,10,76,485,0,485,1,1.60460148188494
"73",12,11,0,0,0,0,1,0
"74",12,12,0,0,0,0,1,0
"75",12,13,3,485,0,485,1,0.0948717695169812
"76",12,14,0,0,0,0,1,0
"77",12,15,0,0,0,0,1,0
"78",12,16,0,0,0,0,1,0
"79",12,17,0,0,0,0,1,0
"80",12,18,0,0,0,0,1,0
"81",12,19,0,0,0,0,1,0
"82",12,2,0,0,0,0,1,0
"83",12,20,0,0,0,0,1,0
"84",12,21,0,0,0,0,1,0
"85",12,22,0,0,0,0,1,0
"86",12,3,0,0,0,0,1,0
"87",12,4,0,0,0,0,1,0
"88",12,5,57,485,0,485,1,1.30777336209637
"89",12,6,5,485,0,485,1,0.15570822603814
"90",12,7,0,0,0,0,1,0
"91",12,8,6,485,0,485,1,0.185446287428527
"92",12,9,338,485,0,485,1,3.73535058154586
"93",13,0,0,0,0,0,1,0
"94",13,1,0,0,0,0,1,0
"95",13,10,6,485,0,485,1,0.185446287428527
"96",13,11,0,0,0,0,1,0
"97",13,12,1,485,0,485,1,0.0321265632019501
"98",13,13,0,0,0,0,1,0
"99",13,14,0,0,0,0,1,0
"100",13,15,0,0,0,0,1,0
"101",13,16,0,0,0,0,1,0
"102",13,17,0,0,0,0,1,0
"103",13,18,0,0,0,0,1,0
"104",13,19,0,0,0,0,1,0
"105",13,2,0,0,0,0,1,0
"106",13,20,0,0,0,0,1,0
"107",13,21,0,0,0,0,1,0
"108",13,22,0,0,0,0,1,0
"109",13,3,126,485,0,485,1,2.22392337592536
"110",13,4,0,0,0,0,1,0
"111",13,5,173,485,0,485,1,2.67073211417517
"112",13,6,44,485,0,485,1,1.07589870945697
"113",13,7,0,0,0,0,1,0
"114",13,8,134,485,0,485,1,2.30737523602594
"115",13,9,1,485,0,485,1,0.0321265632019501
"116",14,0,0,0,0,0,1,0
"117",14,1,0,0,0,0,1,0
"118",14,10,0,0,0,0,1,0
"119",14,11,0,0,0,0,1,0
"120",14,12,0,0,0,0,1,0
"121",14,13,0,0,0,0,1,0
"122",14,14,0,0,0,0,1,0
"123",14,15,0,0,0,0,1,0
"124",14,16,0,0,0,0,1,0
"125",14,17,0,0,0,0,1,0
"126",14,18,0,0,0,0,1,0
"127",14,19,0,0,0,0,1,0
"128",14,2,189,486,0,486,1,2.79949579900974
"129",14,20,0,0,0,0,1,0
"130",14,21,0,0,0,0,1,0
"131",14,22,0,0,0,0,1,0
"132",14,3,297,486,0,486,1,3.51551659146409
"133",14,4,0,0,0,0,1,0
"134",14,5,0,0,0,0,1,0
"135",14,6,0,0,0,0,1,0
"136",14,7,0,0,0,0,1,0
"137",14,8,0,0,0,0,1,0
"138",14,9,0,0,0,0,1,0
"139",15,0,0,0,0,0,1,0
"140",15,1,0,0,0,0,1,0
"141",15,10,0,0,0,0,1,0
"142",15,11,0,0,0,0,1,0
"143",15,12,1,485,0,485,1,0.0321265632019501
"144",15,13,0,0,0,0,1,0
"145",15,14,0,0,0,0,1,0
"146",15,15,0,0,0,0,1,0
"147",15,16,0,0,0,0,1,0
"148",15,17,0,0,0,0,1,0
"149",15,18,0,0,0,0,1,0
"150",15,19,0,0,0,0,1,0
"151",15,2,108,485,0,485,1,2.02236010924146
"152",15,20,0,0,0,0,1,0
"153",15,21,0,0,0,0,1,0
"154",15,22,0,0,0,0,1,0
"155",15,3,156,485,0,485,1,2.52038851403616
"156",15,4,0,0,0,0,1,0
"157",15,5,0,0,0,0,1,0
"158",15,6,17,485,0,485,1,0.486332818115404
"159",15,7,197,485,0,485,1,2.86541052229732
"160",15,8,4,485,0,485,1,0.125521306012801
"161",15,9,2,485,0,485,1,0.0637452163264224
"162",16,0,0,0,0,0,1,0
"163",16,1,0,0,0,0,1,0
"164",16,10,1,485,0,485,1,0.0321265632019501
"165",16,11,0,0,0,0,1,0
"166",16,12,0,0,0,0,1,0
"167",16,13,0,0,0,0,1,0
"168",16,14,0,0,0,0,1,0
"169",16,15,0,0,0,0,1,0
"170",16,16,0,0,0,0,1,0
"171",16,17,0,0,0,0,1,0
"172",16,18,0,0,0,0,1,0
"173",16,19,0,0,0,0,1,0
"174",16,2,0,0,0,0,1,0
"175",16,20,0,0,0,0,1,0
"176",16,21,0,0,0,0,1,0
"177",16,22,0,0,0,0,1,0
"178",16,3,6,485,0,485,1,0.185446287428527
"179",16,4,12,485,0,485,1,0.355147065976025
"180",16,5,2,485,0,485,1,0.0637452163264224
"181",16,6,268,485,0,485,1,3.35034689764348
"182",16,7,124,485,0,485,1,2.20250474891168
"183",16,8,0,0,0,0,1,0
"184",16,9,72,485,0,485,1,1.54566757989014
"185",17,0,0,0,0,0,1,0
"186",17,1,0,0,0,0,1,0
"187",17,10,0,0,0,0,1,0
"188",17,11,0,0,0,0,1,0
"189",17,12,0,0,0,0,1,0
"190",17,13,0,0,0,0,1,0
"191",17,14,0,0,0,0,1,0
"192",17,15,0,0,0,0,1,0
"193",17,16,0,0,0,0,1,0
"194",17,17,0,0,0,0,1,0
"195",17,18,0,0,0,0,1,0
"196",17,19,0,0,0,0,1,0
"197",17,2,0,0,0,0,1,0
"198",17,20,0,0,0,0,1,0
"199",17,21,0,0,0,0,1,0
"200",17,22,0,0,0,0,1,0
"201",17,3,19,486,0,486,1,0.535520505734595
"202",17,4,27,486,0,486,1,0.724156196704267
"203",17,5,0,0,0,0,1,0
"204",17,6,296,486,0,486,1,3.50993595741165
"205",17,7,97,486,0,486,1,1.8858560292952
"206",17,8,47,486,0,486,1,1.1300645010471
"207",17,9,0,0,0,0,1,0
"208",18,0,0,0,0,0,1,0
"209",18,1,0,0,0,0,1,0
"210",18,10,0,0,0,0,1,0
"211",18,11,0,0,0,0,1,0
"212",18,12,0,0,0,0,1,0
"213",18,13,0,0,0,0,1,0
"214",18,14,41,485,0,485,1,1.0183436067007
"215",18,15,176,485,0,485,1,2.69612873058303
"216",18,16,0,0,0,0,1,0
"217",18,17,0,0,0,0,1,0
"218",18,18,0,0,0,0,1,0
"219",18,19,0,0,0,0,1,0
"220",18,2,0,0,0,0,1,0
"221",18,20,13,485,0,485,1,0.382081643196601
"222",18,21,1,485,0,485,1,0.0321265632019501
"223",18,22,0,0,0,0,1,0
"224",18,3,0,0,0,0,1,0
"225",18,4,0,0,0,0,1,0
"226",18,5,0,0,0,0,1,0
"227",18,6,10,485,0,485,1,0.300164653851664
"228",18,7,61,485,0,485,1,1.3740292004739
"229",18,8,183,485,0,485,1,2.75416265905766
"230",18,9,0,0,0,0,1,0
"231",19,0,0,0,0,0,1,0
"232",19,1,0,0,0,0,1,0
"233",19,10,0,0,0,0,1,0
"234",19,11,0,0,0,0,1,0
"235",19,12,5,485,7,478,1,0.15570822603814
"236",19,13,0,0,0,0,1,0
"237",19,14,45,485,7,478,1,1.09472147100793
"238",19,15,90,485,7,478,1,1.79818258955924
"239",19,16,0,0,0,0,1,0
"240",19,17,0,0,0,0,1,0
"241",19,18,14,485,7,478,1,0.408658299577717
"242",19,19,0,0,0,0,1,0
"243",19,2,0,0,0,0,1,0
"244",19,20,0,0,0,0,1,0
"245",19,21,4,485,7,478,1,0.125521306012801
"246",19,22,0,0,0,0,1,0
"247",19,3,22,485,7,478,1,0.609440843528347
"248",19,4,6,485,7,478,1,0.185446287428527
"249",19,5,0,0,0,0,1,0
"250",19,6,2,485,7,478,1,0.0637452163264224
"251",19,7,188,485,7,478,1,2.79460809391856
"252",19,8,0,0,0,0,1,0
"253",19,9,102,485,7,478,1,1.95039053509853
"254",2,0,0,0,0,0,1,0
"255",2,1,0,0,0,0,1,0
"256",2,10,0,0,0,0,1,0
"257",2,11,0,0,0,0,1,0
"258",2,12,20,606,0,606,1,0.460944810228705
"259",2,13,0,0,0,0,1,0
"260",2,14,0,0,0,0,1,0
"261",2,15,0,0,0,0,1,0
"262",2,16,0,0,0,0,1,0
"263",2,17,3,606,0,606,1,0.0762848946840825
"264",2,18,8,606,0,606,1,0.197296273949969
"265",2,19,0,0,0,0,1,0
"266",2,2,0,0,0,0,1,0
"267",2,20,3,606,0,606,1,0.0762848946840825
"268",2,21,0,0,0,0,1,0
"269",2,22,0,0,0,0,1,0
"270",2,3,206,606,0,606,1,2.60022288748619
"271",2,4,364,606,0,606,1,3.48700868683644
"272",2,5,2,606,0,606,1,0.0511785125747605
"273",2,6,0,0,0,0,1,0
"274",2,7,0,0,0,0,1,0
"275",2,8,0,0,0,0,1,0
"276",2,9,0,0,0,0,1,0
"277",20,0,0,0,0,0,1,0
"278",20,1,0,0,0,0,1,0
"279",20,10,0,0,0,0,1,0
"280",20,11,0,0,0,0,1,0
"281",20,12,0,0,0,0,1,0
"282",20,13,0,0,0,0,1,0
"283",20,14,5,486,0,485,1,0.155399969265919
"284",20,15,0,0,0,0,1,0
"285",20,16,0,0,0,0,1,0
"286",20,17,0,0,0,0,1,0
"287",20,18,0,0,0,0,1,0
"288",20,19,0,0,0,0,1,0
"289",20,2,0,0,0,0,1,0
"290",20,20,0,0,0,0,1,0
"291",20,21,0,0,0,0,1,0
"292",20,22,0,0,0,0,1,0
"293",20,3,450,486,0,485,1,4.22571681602663
"294",20,4,15,486,0,485,1,0.43408203612094
"295",20,5,0,0,0,0,1,0
"296",20,6,0,0,0,0,1,0
"297",20,7,15,486,0,485,1,0.43408203612094
"298",20,8,0,0,0,0,1,0
"299",20,9,0,0,0,0,1,0
"300",21,0,0,0,0,0,1,0
"301",21,1,0,0,0,0,1,0
"302",21,10,0,0,0,0,1,0
"303",21,11,0,0,0,0,1,0
"304",21,12,0,0,0,0,1,0
"305",21,13,0,0,0,0,1,0
"306",21,14,0,0,0,0,1,0
"307",21,15,0,0,0,0,1,0
"308",21,16,19,585,0,585,1,0.4543893696161
"309",21,17,0,0,0,0,1,0
"310",21,18,0,0,0,0,1,0
"311",21,19,0,0,0,0,1,0
"312",21,2,149,585,0,585,1,2.1974369877087
"313",21,20,0,0,0,0,1,0
"314",21,21,0,0,0,0,1,0
"315",21,22,0,0,0,0,1,0
"316",21,3,312,585,0,585,1,3.29292268306206
"317",21,4,98,585,0,585,1,1.67937723417098
"318",21,5,7,585,0,585,1,0.179635156742121
"319",21,6,0,0,0,0,1,0
"320",21,7,0,0,0,0,1,0
"321",21,8,0,0,0,0,1,0
"322",21,9,0,0,0,0,1,0
"323",22,0,0,0,0,0,1,0
"324",22,1,0,0,0,0,1,0
"325",22,10,0,0,0,0,1,0
"326",22,11,0,0,0,0,1,0
"327",22,12,0,0,0,0,1,0
"328",22,13,0,0,0,0,1,0
"329",22,14,0,0,0,0,1,0
"330",22,15,0,0,0,0,1,0
"331",22,16,4,584,0,584,1,0.104789758401934
"332",22,17,0,0,0,0,1,0
"333",22,18,0,0,0,0,1,0
"334",22,19,0,0,0,0,1,0
"335",22,2,543,584,0,584,1,4.23304932982558
"336",22,20,0,0,0,0,1,0
"337",22,21,0,0,0,0,1,0
"338",22,22,0,0,0,0,1,0
"339",22,3,24,584,0,584,1,0.559426841221414
"340",22,4,9,584,0,584,1,0.228498499431709
"341",22,5,4,584,0,584,1,0.104789758401934
"342",22,6,0,0,0,0,1,0
"343",22,7,0,0,0,0,1,0
"344",22,8,0,0,0,0,1,0
"345",22,9,0,0,0,0,1,0
"346",23,0,0,0,0,0,1,0
"347",23,1,0,0,0,0,1,0
"348",23,10,112,584,8,576,1,1.83751127340832
"349",23,11,0,0,0,0,1,0
"350",23,12,0,0,0,0,1,0
"351",23,13,0,0,0,0,1,0
"352",23,14,0,0,0,0,1,0
"353",23,15,0,0,0,0,1,0
"354",23,16,0,0,0,0,1,0
"355",23,17,0,0,0,0,1,0
"356",23,18,16,584,8,576,1,0.389763234728758
"357",23,19,79,584,8,576,1,1.44772875062204
"358",23,2,149,584,8,576,1,2.1997189116744
"359",23,20,49,584,8,576,1,1.01236891849163
"360",23,21,0,0,0,0,1,0
"361",23,22,0,0,0,0,1,0
"362",23,3,0,0,0,0,1,0
"363",23,4,156,584,8,576,1,2.2614356593989
"364",23,5,0,0,0,0,1,0
"365",23,6,0,0,0,0,1,0
"366",23,7,0,0,0,0,1,0
"367",23,8,0,0,0,0,1,0
"368",23,9,15,584,8,576,1,0.367506359868338
"369",24,0,0,0,0,0,1,0
"370",24,1,0,0,0,0,1,0
"371",24,10,293,584,44,540,1,3.19483104255486
"372",24,11,0,0,0,0,1,0
"373",24,12,6,584,44,540,1,0.155195142261909
"374",24,13,25,584,44,540,1,0.579657478631239
"375",24,14,0,0,0,0,1,0
"376",24,15,0,0,0,0,1,0
"377",24,16,0,0,0,0,1,0
"378",24,17,0,0,0,0,1,0
"379",24,18,0,0,0,0,1,0
"380",24,19,8,584,44,540,1,0.204361341570203
"381",24,2,0,0,0,0,1,0
"382",24,20,7,584,44,540,1,0.179929320309056
"383",24,21,0,0,0,0,1,0
"384",24,22,0,0,0,0,1,0
"385",24,3,0,0,0,0,1,0
"386",24,4,0,0,0,0,1,0
"387",24,5,0,0,0,0,1,0
"388",24,6,30,584,44,540,1,0.677850388695673
"389",24,7,5,584,44,540,1,0.130151240049644
"390",24,8,0,0,0,0,1,0
"391",24,9,166,584,44,540,1,2.34642436311438
"392",25,0,0,0,0,0,1,0
"393",25,1,0,0,0,0,1,0
"394",25,10,112,584,0,584,1,1.83751127340832
"395",25,11,0,0,0,0,1,0
"396",25,12,0,0,0,0,1,0
"397",25,13,0,0,0,0,1,0
"398",25,14,0,0,0,0,1,0
"399",25,15,0,0,0,0,1,0
"400",25,16,0,0,0,0,1,0
"401",25,17,0,0,0,0,1,0
"402",25,18,0,0,0,0,1,0
"403",25,19,0,0,0,0,1,0
"404",25,2,0,0,0,0,1,0
"405",25,20,0,0,0,0,1,0
"406",25,21,0,0,0,0,1,0
"407",25,22,0,0,0,0,1,0
"408",25,3,0,0,0,0,1,0
"409",25,4,80,584,0,584,1,1.46072755867071
"410",25,5,13,584,0,584,1,0.322235485629198
"411",25,6,286,584,0,584,1,3.156353603627
"412",25,7,0,0,0,0,1,0
"413",25,8,0,0,0,0,1,0
"414",25,9,93,584,0,584,1,1.62244603923232
"415",26,0,0,0,0,0,1,0
"416",26,1,0,0,0,0,1,0
"417",26,10,0,0,0,0,1,0
"418",26,11,0,0,0,0,1,0
"419",26,12,0,0,0,0,1,0
"420",26,13,0,0,0,0,1,0
"421",26,14,0,0,0,0,1,0
"422",26,15,0,0,0,0,1,0
"423",26,16,0,0,0,0,1,0
"424",26,17,0,0,0,0,1,0
"425",26,18,0,0,0,0,1,0
"426",26,19,0,0,0,0,1,0
"427",26,2,0,0,0,0,1,0
"428",26,20,0,0,0,0,1,0
"429",26,21,0,0,0,0,1,0
"430",26,22,0,0,0,0,1,0
"431",26,3,0,0,0,0,1,0
"432",26,4,0,0,0,0,1,0
"433",26,5,59,584,0,584,1,1.16825859991535
"434",26,6,469,584,0,584,1,3.97768920703878
"435",26,7,15,584,0,584,1,0.367506359868338
"436",26,8,41,584,0,584,1,0.878271348409242
"437",26,9,0,0,0,0,1,0
"438",27,0,0,0,0,0,1,0
"439",27,1,0,0,0,0,1,0
"440",27,10,0,0,0,0,1,0
"441",27,11,0,0,0,0,1,0
"442",27,12,0,0,0,0,1,0
"443",27,13,0,0,0,0,1,0
"444",27,14,0,0,0,0,1,0
"445",27,15,0,0,0,0,1,0
"446",27,16,0,0,0,0,1,0
"447",27,17,0,0,0,0,1,0
"448",27,18,0,0,0,0,1,0
"449",27,19,0,0,0,0,1,0
"450",27,2,115,584,0,584,1,1.86945049344671
"451",27,20,0,0,0,0,1,0
"452",27,21,0,0,0,0,1,0
"453",27,22,0,0,0,0,1,0
"454",27,3,370,584,0,584,1,3.57541578734756
"455",27,4,0,0,0,0,1,0
"456",27,5,84,584,0,584,1,1.51189406711085
"457",27,6,2,584,0,584,1,0.053081106554334
"458",27,7,0,0,0,0,1,0
"459",27,8,0,0,0,0,1,0
"460",27,9,13,584,0,584,1,0.322235485629198
"461",28,0,0,0,0,0,1,0
"462",28,1,0,0,0,0,1,0
"463",28,10,30,584,1,583,1,0.677850388695673
"464",28,11,299,584,1,583,1,3.22723258822805
"465",28,12,14,584,1,583,1,0.34499901076772
"466",28,13,84,584,1,583,1,1.51189406711085
"467",28,14,0,0,0,0,1,0
"468",28,15,0,0,0,0,1,0
"469",28,16,14,584,1,583,1,0.34499901076772
"470",28,17,19,584,1,583,1,0.455085256588682
"471",28,18,0,0,0,0,1,0
"472",28,19,0,0,0,0,1,0
"473",28,2,0,0,0,0,1,0
"474",28,20,0,0,0,0,1,0
"475",28,21,1,584,1,583,1,0.026716648350925
"476",28,22,0,0,0,0,1,0
"477",28,3,122,584,1,583,1,1.94204967918857
"478",28,4,0,0,0,0,1,0
"479",28,5,0,0,0,0,1,0
"480",28,6,0,0,0,0,1,0
"481",28,7,0,0,0,0,1,0
"482",28,8,0,0,0,0,1,0
"483",28,9,0,0,0,0,1,0
"484",29,0,0,0,0,0,1,0
"485",29,1,0,0,0,0,1,0
"486",29,10,0,0,0,0,1,0
"487",29,11,0,0,0,0,1,0
"488",29,12,29,584,30,554,1,0.658593697056177
"489",29,13,45,584,30,554,1,0.946443807887842
"490",29,14,0,0,0,0,1,0
"491",29,15,0,0,0,0,1,0
"492",29,16,210,584,30,554,1,2.68262981283505
"493",29,17,166,584,30,554,1,2.34642436311438
"494",29,18,98,584,30,554,1,1.68132202471035
"495",29,19,0,0,0,0,1,0
"496",29,2,0,0,0,0,1,0
"497",29,20,0,0,0,0,1,0
"498",29,21,4,584,30,554,1,0.104789758401934
"499",29,22,2,584,30,554,1,0.053081106554334
"500",29,3,0,0,0,0,1,0
"501",29,4,0,0,0,0,1,0
"502",29,5,0,0,0,0,1,0
"503",29,6,0,0,0,0,1,0
"504",29,7,0,0,0,0,1,0
"505",29,8,0,0,0,0,1,0
"506",29,9,0,0,0,0,1,0
"507",3,0,0,0,0,0,1,0
"508",3,1,0,0,0,0,1,0
"509",3,10,0,0,0,0,1,0
"510",3,11,0,0,0,0,1,0
"511",3,12,0,0,0,0,1,0
"512",3,13,0,0,0,0,1,0
"513",3,14,0,0,0,0,1,0
"514",3,15,0,0,0,0,1,0
"515",3,16,0,0,0,0,1,0
"516",3,17,0,0,0,0,1,0
"517",3,18,30,607,0,607,1,0.655946105724747
"518",3,19,0,0,0,0,1,0
"519",3,2,0,0,0,0,1,0
"520",3,20,0,0,0,0,1,0
"521",3,21,0,0,0,0,1,0
"522",3,22,0,0,0,0,1,0
"523",3,3,0,0,0,0,1,0
"524",3,4,440,607,0,607,1,3.80209142457561
"525",3,5,137,607,0,607,1,2.03954130660902
"526",3,6,0,0,0,0,1,0
"527",3,7,0,0,0,0,1,0
"528",3,8,0,0,0,0,1,0
"529",3,9,0,0,0,0,1,0
"530",30,0,0,0,0,0,1,0
"531",30,1,0,0,0,0,1,0
"532",30,10,0,0,0,0,1,0
"533",30,11,0,0,0,0,1,0
"534",30,12,0,0,0,0,1,0
"535",30,13,0,0,0,0,1,0
"536",30,14,0,0,0,0,1,0
"537",30,15,0,0,0,0,1,0
"538",30,16,41,585,14,570,1,0.877055913587563
"539",30,17,43,585,14,570,1,0.911395018926647
"540",30,18,140,585,14,570,1,2.1152291804076
"541",30,19,7,585,14,570,1,0.179635156742121
"542",30,2,0,0,0,0,1,0
"543",30,20,0,0,0,0,1,0
"544",30,21,0,0,0,0,1,0
"545",30,22,0,0,0,0,1,0
"546",30,3,0,0,0,0,1,0
"547",30,4,0,0,0,0,1,0
"548",30,5,0,0,0,0,1,0
"549",30,6,0,0,0,0,1,0
"550",30,7,335,585,14,570,1,3.40853620276273
"551",30,8,4,585,14,570,1,0.104615234789663
"552",30,9,0,0,0,0,1,0
"553",4,0,0,0,0,0,1,0
"554",4,1,0,0,0,0,1,0
"555",4,10,0,0,0,0,1,0
"556",4,11,32,606,1,605,1,0.693851319082076
"557",4,12,1,606,1,605,1,0.0257529543304919
"558",4,13,0,0,0,0,1,0
"559",4,14,0,0,0,0,1,0
"560",4,15,0,0,0,0,1,0
"561",4,16,0,0,0,0,1,0
"562",4,17,0,0,0,0,1,0
"563",4,18,14,606,1,605,1,0.333461809497556
"564",4,19,0,0,0,0,1,0
"565",4,2,0,0,0,0,1,0
"566",4,20,0,0,0,0,1,0
"567",4,21,0,0,0,0,1,0
"568",4,22,0,0,0,0,1,0
"569",4,3,0,0,0,0,1,0
"570",4,4,252,606,1,605,1,2.9012845400654
"571",4,5,97,606,1,605,1,1.62815663542736
"572",4,6,209,606,1,605,1,2.62130070660921
"573",4,7,0,0,0,0,1,0
"574",4,8,0,0,0,0,1,0
"575",4,9,0,0,0,0,1,0
"576",5,0,0,0,0,0,1,0
"577",5,1,0,0,0,0,1,0
"578",5,10,0,0,0,0,1,0
"579",5,11,121,607,26,581,1,1.88434158725156
"580",5,12,0,0,0,0,1,0
"581",5,13,0,0,0,0,1,0
"582",5,14,0,0,0,0,1,0
"583",5,15,0,0,0,0,1,0
"584",5,16,0,0,0,0,1,0
"585",5,17,0,0,0,0,1,0
"586",5,18,0,0,0,0,1,0
"587",5,19,0,0,0,0,1,0
"588",5,2,446,607,26,581,1,3.82515576738981
"589",5,20,0,0,0,0,1,0
"590",5,21,0,0,0,0,1,0
"591",5,22,0,0,0,0,1,0
"592",5,3,0,0,0,0,1,0
"593",5,4,0,0,0,0,1,0
"594",5,5,6,607,26,581,1,0.149528951672134
"595",5,6,8,607,26,581,1,0.196986732572092
"596",5,7,0,0,0,0,1,0
"597",5,8,0,0,0,0,1,0
"598",5,9,0,0,0,0,1,0
"599",6,0,0,0,0,0,1,0
"600",6,1,0,0,0,0,1,0
"601",6,10,0,0,0,0,1,0
"602",6,11,0,0,0,0,1,0
"603",6,12,0,0,0,0,1,0
"604",6,13,0,0,0,0,1,0
"605",6,14,0,0,0,0,1,0
"606",6,15,0,0,0,0,1,0
"607",6,16,0,0,0,0,1,0
"608",6,17,0,0,0,0,1,0
"609",6,18,0,0,0,0,1,0
"610",6,19,0,0,0,0,1,0
"611",6,2,575,606,0,606,1,4.26877027510038
"612",6,20,0,0,0,0,1,0
"613",6,21,0,0,0,0,1,0
"614",6,22,0,0,0,0,1,0
"615",6,3,0,0,0,0,1,0
"616",6,4,31,606,0,606,1,0.675445501920719
"617",6,5,0,0,0,0,1,0
"618",6,6,0,0,0,0,1,0
"619",6,7,0,0,0,0,1,0
"620",6,8,0,0,0,0,1,0
"621",6,9,0,0,0,0,1,0
"622",7,0,0,0,0,0,1,0
"623",7,1,0,0,0,0,1,0
"624",7,10,0,0,0,0,1,0
"625",7,11,0,0,0,0,1,0
"626",7,12,0,0,0,0,1,0
"627",7,13,0,0,0,0,1,0
"628",7,14,0,0,0,0,1,0
"629",7,15,0,0,0,0,1,0
"630",7,16,0,0,0,0,1,0
"631",7,17,0,0,0,0,1,0
"632",7,18,0,0,0,0,1,0
"633",7,19,0,0,0,0,1,0
"634",7,2,591,606,3,603,1,4.31724559383396
"635",7,20,0,0,0,0,1,0
"636",7,21,0,0,0,0,1,0
"637",7,22,0,0,0,0,1,0
"638",7,3,0,0,0,0,1,0
"639",7,4,0,0,0,0,1,0
"640",7,5,0,0,0,0,1,0
"641",7,6,12,606,3,603,1,0.289095434412376
"642",7,7,0,0,0,0,1,0
"643",7,8,0,0,0,0,1,0
"644",7,9,0,0,0,0,1,0
"645",8,0,0,0,0,0,1,0
"646",8,1,0,0,0,0,1,0
"647",8,10,0,0,0,0,1,0
"648",8,11,0,0,0,0,1,0
"649",8,12,0,0,0,0,1,0
"650",8,13,0,0,0,0,1,0
"651",8,14,0,0,0,0,1,0
"652",8,15,0,0,0,0,1,0
"653",8,16,0,0,0,0,1,0
"654",8,17,0,0,0,0,1,0
"655",8,18,0,0,0,0,1,0
"656",8,19,0,0,0,0,1,0
"657",8,2,125,607,1,606,1,1.92428511933296
"658",8,20,0,0,0,0,1,0
"659",8,21,0,0,0,0,1,0
"660",8,22,0,0,0,0,1,0
"661",8,3,66,607,1,606,1,1.23461913490049
"662",8,4,19,607,1,606,1,0.439602864577127
"663",8,5,0,0,0,0,1,0
"664",8,6,396,607,1,606,1,3.62430053297744
"665",8,7,0,0,0,0,1,0
"666",8,8,0,0,0,0,1,0
"667",8,9,0,0,0,0,1,0
"668",9,0,0,0,0,0,1,0
"669",9,1,0,0,0,0,1,0
"670",9,10,19,606,0,606,1,0.440253985743897
"671",9,11,6,606,0,606,1,0.149766686657369
"672",9,12,2,606,0,606,1,0.0511785125747605
"673",9,13,3,606,0,606,1,0.0762848946840825
"674",9,14,4,606,0,606,1,0.101080014875667
"675",9,15,34,606,0,606,1,0.730162456178899
"676",9,16,0,0,0,0,1,0
"677",9,17,0,0,0,0,1,0
"678",9,18,3,606,0,606,1,0.0762848946840825
"679",9,19,1,606,0,606,1,0.0257529543304919
"680",9,2,0,0,0,0,1,0
"681",9,20,0,0,0,0,1,0
"682",9,21,0,0,0,0,1,0
"683",9,22,0,0,0,0,1,0
"684",9,3,19,606,0,606,1,0.440253985743897
"685",9,4,90,606,0,606,1,1.54611167015022
"686",9,5,0,0,0,0,1,0
"687",9,6,425,606,0,606,1,3.74602989432867
"688",9,7,0,0,0,0,1,0
"689",9,8,0,0,0,0,1,0
"690",9,9,0,0,0,0,1,0
