  2.3578450e+000
  1.4931202e+000
  2.6895512e+000
  2.9038372e+000
  1.4696484e+000
  3.3870891e+000
  3.9092023e+000
  5.5055914e+000
  4.9236163e+000
  4.7224884e+000
  7.4667741e+000
  1.0926016e+001
  1.2665649e+001
  9.9721365e+000
  1.3052536e+001
  2.1716836e+001
  2.0133048e+001
  1.2681139e+001
  4.7859200e+000
  1.6840785e+001
  1.8516706e+001
  1.7818430e+000
  2.1917877e+001
  2.1951426e+001
  2.1581507e+001
  9.7814967e+000
  1.0579822e+001
  1.7902524e+001
  2.0347088e+001
  1.2586943e+001
  1.4733568e+001
  1.3887201e+001
  1.4467239e+001
  2.1177798e+001
  2.1949221e+001
  1.7726164e+001
  1.0939327e+001
  2.0086568e+001
  1.8653330e+001
  1.4884361e+001
  6.1634872e+000
  1.6096070e+000
  1.1231145e+000
  5.3098017e+000
  6.2997692e+000
  6.0801509e+000
  1.8430256e+000
  1.9106923e+000
  1.8175214e+000
  1.4733120e+000
