  1.1986904e+000
  9.1676073e-001
  4.2017420e+000
  2.9176380e+000
  1.4095518e+000
  1.5799300e+000
  1.8285622e+000
  1.5729645e+000
  6.8538769e-001
  5.5877981e-001
  5.3623240e+000
  9.0995850e+000
  4.4405867e+000
  1.7408406e+000
  7.7260067e+000
  4.5576791e+000
  6.4139648e+000
  7.3231748e+000
  5.4394736e+000
  6.4450431e+000
  8.2004926e+000
  5.8739627e+000
  3.1057467e+000
  1.6705778e+000
  2.3255992e+000
  1.1138742e+001
  8.3884618e+000
  6.5999973e+000
  4.3841681e+000
  9.2003561e+000
  9.2214187e+000
  3.5928011e+000
  5.0260954e+000
  2.2357617e+000
  1.9329042e+000
  7.1601876e+000
  9.7337456e+000
  1.8310235e+000
  2.5449278e+000
  3.4132259e+000
  5.0660716e+000
  3.4352047e+000
  3.1155600e+000
  4.4719652e+000
  3.7313302e+000
  6.7415450e+000
  3.6227874e-001
  1.8967747e-001
  1.0656783e+000
  1.3295784e-001
