  4.8531848e+000
  4.8474855e+000
  7.4460923e+000
  5.9256630e+000
  7.5681558e+000
  5.7250580e+000
  4.2758043e+000
  5.4104384e+000
  1.5333489e+001
  8.9636449e+000
  1.2076596e+001
  1.0317430e+001
  1.6864898e+001
  6.1389526e+000
  2.7240179e+000
  3.2154395e+000
  3.5125426e+000
  3.7213543e+000
  8.6588251e+000
  3.2614170e+000
  3.3543221e+000
  4.1564567e+000
  7.4052212e+000
  7.2360000e+000
  7.2293990e+000
  6.3975144e+000
  6.7036154e+000
  7.5426346e+000
  7.8244712e+000
  7.8612981e+000
  7.0890811e+000
  8.1342513e+000
  1.9051267e+001
  1.3582298e+001
  1.3280617e+001
  4.1481441e+000
  1.0214023e+001
  3.4323559e+000
  3.6268739e+000
  1.5248091e+001
  2.2270014e+001
  2.1158559e+001
  1.9978703e+001
  2.1601653e+001
  1.7996799e+001
  8.7269056e+000
  5.0345175e+000
  2.1971049e+000
  4.9221643e+000
  5.7886329e+000
