  1.6120058e+000
  1.0237615e+000
  2.9651316e+000
  2.3524199e+000
  1.4255274e+000
  2.2347119e+000
  1.9044533e+000
  2.2177829e+000
  3.6478445e+000
  6.0758226e+000
  7.5253418e+000
  6.6468820e+000
  5.7815836e+000
  3.6306178e+000
  5.9329614e-001
  1.2085707e+000
  1.2221109e+000
  7.2637930e-001
  5.8470854e+000
  2.7821291e+000
  8.7916926e-001
  1.2126746e+000
  1.3901074e+000
  1.8208241e+000
  1.6475807e+000
  1.9734284e+000
  2.2723128e+000
  2.5905641e+000
  1.9606542e+000
  1.2011072e+000
  7.4931043e-001
  4.4131183e+000
  6.4178086e+000
  5.6517847e+000
  5.6814729e+000
  2.2754825e+000
  9.6245667e+000
  1.2818891e+000
  2.5893704e+000
  8.6948316e+000
  1.7365454e+000
  3.9910099e+000
  2.6075994e+000
  1.6262777e+000
  4.6214521e+000
  5.5777630e+000
  1.8478234e+000
  7.7201089e-001
  9.9556729e-001
  1.0464158e+000
