  6.4904718e+000
  6.6379032e+000
  6.0720121e+000
  7.0101653e+000
  6.5557419e+000
  5.0811210e+000
  5.5304516e+000
  5.1207218e+000
  4.0674032e+000
  3.7353629e+000
  3.2573378e+000
  3.4510676e+000
  1.5604743e+001
  4.8523559e+000
  3.0150180e+000
  2.4736847e+000
  7.5703774e+000
  1.2521243e+001
  2.3058645e+001
  2.0413775e+001
  2.0040083e+001
  1.7774995e+001
  5.8828761e+000
  5.2610000e+000
  3.3316239e+000
  3.5513761e+000
  4.3106972e+000
  5.4189037e+000
  7.8859312e+000
  8.5841193e+000
  6.7386056e+000
  6.6016338e+000
  6.1625446e+000
  5.1621737e+000
  5.8371878e+000
  6.0827089e+000
  5.6475258e+000
  6.1215305e+000
  5.7333192e+000
  8.1750563e+000
  5.1856143e+000
  4.2249835e+000
  4.3634190e+000
  6.4094769e+000
  6.4856714e+000
  7.5601095e+000
  7.9456762e+000
  9.2322440e+000
  7.1242000e+000
  5.6367143e+000
