  9.1538065e-001
  1.3775590e+000
  1.5777920e+000
  2.3619731e+000
  2.3646684e+000
  1.7536210e+000
  1.1536398e+000
  1.4721319e+000
  1.4958151e+000
  8.2763961e-001
  8.0847276e-001
  1.4333574e+000
  7.4252575e+000
  2.4128716e+000
  7.9646997e-001
  4.4533112e-001
  7.7221316e+000
  8.8893957e+000
  4.1029748e+000
  1.6106577e+000
  8.9345900e-001
  3.6273667e+000
  3.1616370e+000
  6.1863670e-001
  8.4411053e-001
  5.2040688e-001
  1.6317873e+000
  1.4028141e+000
  1.7309567e+000
  1.9472889e+000
  2.1127123e+000
  1.8591253e+000
  1.6572883e+000
  1.1843903e+000
  1.3238667e+000
  1.1321758e+000
  1.9873261e+000
  1.6274493e+000
  1.9388710e+000
  4.5050029e+000
  1.9393258e+000
  1.8753940e+000
  3.0900161e-001
  1.0463979e+000
  9.6465111e-001
  6.9600750e-001
  9.3083659e-001
  1.9359583e+000
  3.2146994e+000
  2.4845385e+000
