  2.2875550e+001
  2.3425112e+001
  2.1529290e+001
  1.2983744e+001
  1.6605261e+001
  8.9304384e+000
  1.6199459e+001
  1.7442167e+001
  1.7448212e+001
  1.7435718e+001
  1.7109906e+001
  1.5312395e+001
  1.9887920e+001
  1.1375091e+001
  1.8306362e+001
  1.8706715e+001
  2.0148433e+001
  1.9921701e+001
  1.1489391e+001
  1.8671924e+001
  2.0433263e+001
  4.4947243e+000
  3.6217056e+000
  9.0418037e+000
  1.4891450e+001
  2.0123599e+001
  4.8641355e+000
  1.3252290e+000
  2.2650093e+000
  5.3048832e+000
  7.5741271e+000
  1.1896424e+001
  1.1854436e+001
  8.6978093e+000
  6.1232585e+000
  1.1850508e+000
  1.4566568e+000
  3.7446398e+000
  3.8757797e+000
  5.1395319e+000
  4.4892264e+000
  4.2364780e+000
  4.9312075e+000
  5.5971368e+000
  4.9160660e+000
  5.1159858e+000
  3.9915943e+000
  2.1175330e+001
  1.4237910e+001
  1.5621118e+001
