  2.2787548e+000
  3.3468212e+000
  1.6290158e+000
  1.0581954e+001
  7.6662014e+000
  9.4696266e+000
  6.7725866e+000
  3.8483633e+000
  9.9736213e-001
  4.6333947e+000
  6.5913279e+000
  8.0922773e+000
  2.3930688e+000
  7.9517407e+000
  3.7634453e+000
  3.1780656e+000
  1.7669884e+000
  2.4157019e+000
  9.0709603e+000
  9.7263805e-001
  2.6432647e+000
  5.5343999e+000
  1.5436602e+000
  6.8236554e+000
  6.2596516e+000
  7.7490796e+000
  5.7192050e+000
  7.6044750e-001
  9.9953983e-001
  3.8602795e+000
  6.8879579e-001
  3.2403152e+000
  1.0113598e+000
  6.2908436e+000
  4.3679813e+000
  4.7814442e-001
  1.1568576e+000
  1.6638131e+000
  1.8260332e+000
  2.1397876e+000
  1.0502571e+000
  1.6918317e+000
  1.3772549e+000
  1.6907231e+000
  1.8224824e+000
  1.0323834e+000
  1.1991404e+000
  2.7556167e+000
  5.3542595e+000
  2.5454475e+000
