  7.6151351e+000
  7.6792207e+000
  1.0712680e+001
  7.5357078e+000
  7.0520405e+000
  4.7456577e+000
  4.4348507e+000
  5.5967364e+000
  6.3082464e+000
  5.7639189e+000
  5.6655714e+000
  3.9819333e+000
  5.8296762e+000
  6.4693857e+000
  8.3225667e+000
  5.1446810e+000
  3.1632905e+000
  4.1219476e+000
  4.0443714e+000
  3.5663714e+000
  3.6693519e+000
  2.7498287e+000
  1.3485657e+001
  1.3246907e+001
  9.1418194e+000
  9.7458981e+000
  1.4168860e+001
  8.6038519e+000
  6.3624516e+000
  7.0942639e+000
  6.6206971e+000
  5.9954471e+000
  4.3572404e+000
  4.4936106e+000
  3.6425000e+000
  6.7388894e+000
  1.8424425e+001
  1.3350212e+001
  2.0164630e+001
  1.4850196e+001
  4.1026951e+000
  5.0151200e+000
  4.5207111e+000
  9.4690612e+000
  1.9126642e+001
  1.8498878e+001
  1.0254364e+001
  9.8504889e+000
  9.0914444e+000
  1.1706929e+001
