  5.6915343e+000
  5.5232145e+000
  5.8608938e+000
  3.1752760e+000
  2.9023568e+000
  2.1919429e+000
  1.4912841e+000
  1.0720439e+000
  8.1002254e-001
  1.5307574e+000
  1.7235384e+000
  1.0135609e-001
  1.6056780e+000
  1.9905874e+000
  1.4688339e+000
  3.3701364e+000
  1.8934140e+000
  1.5490135e+000
  6.3220897e-001
  7.4766528e-001
  3.6367026e+000
  2.3229604e+000
  9.5866959e+000
  4.9364223e+000
  1.1974172e+000
  3.0409112e+000
  3.9409623e+000
  3.3494942e+000
  3.4966124e+000
  9.5271269e-001
  1.4365112e+000
  1.3117751e+000
  1.4747876e+000
  1.2225451e+000
  1.8176409e-001
  5.0281767e+000
  6.7167333e+000
  1.0517234e+001
  2.9576382e+000
  9.5866676e+000
  2.4621160e+000
  6.8518195e-001
  1.1714035e+000
  6.5679703e+000
  8.1741994e+000
  6.0087113e+000
  7.2256021e-001
  2.9272022e+000
  2.3742789e+000
  3.6023703e-001
