  1.0625123e+001
  7.2188519e+000
  7.0648370e+000
  8.8202038e+000
  8.9295593e+000
  1.1542627e+001
  3.5933221e+000
  1.6581813e+001
  4.2052593e+000
  8.9030815e+000
  1.0692059e+001
  1.0245853e+000
  8.4086936e+000
  1.6258553e+000
  1.0918643e+000
  2.0499964e+000
  1.8733176e+000
  6.5545229e+000
  1.5423590e+001
  1.1649761e+001
  6.5953241e+000
  6.0567194e+000
  1.7237198e+001
  1.8634462e+001
  2.2595602e+001
  2.0269291e+001
  1.9643834e+001
  1.8607791e+001
  1.4805365e+001
  1.7888456e+001
  1.0690605e+001
  7.1374955e+000
  1.2737527e+001
  1.9567166e+001
  2.3511649e+001
  2.4042730e+001
  1.4116219e+001
  2.3759619e+000
  2.3719702e+000
  1.5442178e+001
  2.1570554e+001
  3.2711589e+000
  1.7201739e+001
  1.3922543e+001
  6.2411550e+000
  5.4982558e+000
  7.1588217e+000
  6.3486434e+000
  6.1477984e+000
  4.5795736e+000
