  6.7717578e+000
  1.5717003e+000
  1.3493407e+000
  2.8096665e+000
  2.3095298e+000
  3.6850022e+000
  6.8786227e+000
  3.4270296e+000
  6.2483315e+000
  5.2770048e+000
  4.4103411e+000
  2.6968396e+000
  7.5732674e+000
  4.2967387e+000
  3.7930579e+000
  5.9763331e+000
  4.1616863e+000
  7.0685094e+000
  2.8412997e+000
  2.4742729e+000
  2.9578533e+000
  3.6922691e+000
  4.9953552e+000
  2.3605919e+000
  3.3762179e+000
  3.6585793e+000
  4.1345391e+000
  5.3909837e+000
  6.9367426e+000
  3.0509037e+000
  9.3179079e+000
  7.5769456e+000
  3.3621890e+000
  5.6732952e+000
  2.6371400e+000
  1.1215103e+000
  1.0439351e+001
  2.8651530e+000
  4.3091269e+000
  9.3344390e+000
  2.2107000e+000
  6.8518726e+000
  6.7955130e+000
  5.3008943e+000
  5.8337760e+000
  2.4768672e+000
  1.2434547e+000
  7.6551225e-001
  8.0549719e-001
  2.1517310e+000
