  5.5290310e+000
  2.6853992e+000
  1.8897907e+000
  4.5435750e+000
  8.4981240e+000
  1.9460659e+000
  3.2322868e+000
  4.4171589e+000
  3.8942132e+000
  7.9548178e+000
  1.1887112e+001
  1.1622955e+001
  9.7348060e+000
  1.1158221e+001
  1.0527143e+001
  8.6657452e+000
  8.3935496e+000
  1.1133246e+000
  1.1531604e+000
  5.3242761e+000
  2.2692338e+001
  1.9291221e+001
  1.9706324e+001
  2.1387257e+001
  1.6332135e+001
  1.5166486e+000
  9.7969459e+000
  2.2925707e+001
  2.3365502e+001
  2.2290209e+001
  2.2122433e+001
  2.0181785e+001
  1.9406893e+001
  1.8709080e+001
  1.3561207e+001
  1.0065743e+001
  5.9360805e+000
  5.4818276e+000
  8.8008057e+000
  1.8782169e+001
  8.7923196e+000
  6.3871154e+000
  1.1881223e+000
  9.2985240e+000
  8.4940000e+000
  6.9958865e+000
  1.4678314e+001
  1.6924594e+001
  8.2793712e+000
  9.1083581e+000
