  1.4696928e+000
  1.0738818e+000
  1.0139940e+000
  3.7145799e+000
  3.4197371e+000
  1.8537533e+000
  1.0010064e+000
  2.9530645e+000
  5.3466043e-001
  4.0457695e+000
  1.0694257e+000
  8.0743468e-001
  2.6551627e+000
  4.6323059e+000
  7.3446306e+000
  2.9396464e+000
  3.8283387e+000
  1.6434802e+000
  8.5167317e-001
  6.2312436e+000
  2.5113107e+000
  4.3709587e+000
  6.2656708e+000
  2.6603586e+000
  9.6227046e+000
  4.6648185e+000
  1.1582578e+001
  1.6190205e+000
  9.0326529e-001
  1.0706223e+000
  9.6350930e-001
  1.7996168e+000
  6.3774853e-001
  3.9055675e+000
  2.1483076e+000
  1.3433260e+000
  5.2016754e+000
  5.5661815e+000
  4.9443725e+000
  7.5948224e-001
  4.5512977e+000
  8.7241294e-001
  1.5346896e+000
  3.0736572e+000
  9.0846999e-001
  2.8015015e+000
  6.0860398e+000
  5.2268544e+000
  5.2335026e+000
  6.4702695e+000
