  3.6374242e+000
  7.0006818e+000
  6.8398902e+000
  7.6869015e+000
  7.5154318e+000
  7.7259811e+000
  6.2750341e+000
  7.2792311e+000
  7.2222652e+000
  7.1535871e+000
  6.1311117e+000
  4.9216041e+000
  7.7949340e+000
  8.3275990e+000
  5.4261624e+000
  4.7551421e+000
  3.4746650e+000
  3.7818173e+000
  4.8151878e+000
  4.3526193e+000
  4.1634872e+000
  3.7197821e+000
  6.6211402e+000
  1.0659853e+001
  8.0850118e+000
  9.2297512e+000
  5.5788419e+000
  5.9094402e+000
  5.9030427e+000
  6.5288932e+000
  6.9229913e+000
  6.3415152e+000
  6.9062121e+000
  8.0493117e+000
  8.3392641e+000
  1.0137710e+001
  5.6181169e+000
  5.5956797e+000
  7.7351126e+000
  8.9573506e+000
  7.7673714e+000
  7.9430816e+000
  7.0057837e+000
  6.9322776e+000
  5.3288163e+000
  5.6803469e+000
  3.1906204e+000
  9.3685388e+000
  4.9620122e+000
  4.7368571e+000
