  9.4862868e-001
  2.4293544e+000
  1.1747069e+000
  1.9392356e+000
  2.2995435e+000
  2.0214805e+000
  2.4213476e+000
  8.4030365e-001
  1.6888825e+000
  2.3275669e+000
  1.7692733e+000
  2.0788143e+000
  9.0576249e-001
  1.6234345e+000
  1.8173231e+000
  1.6442805e+000
  2.0049871e+000
  1.7865582e+000
  9.8688696e-001
  1.1220733e+000
  4.8140768e-001
  6.6936809e-001
  2.8913382e+000
  4.8985934e+000
  1.4618542e-001
  4.4838508e+000
  4.6659280e-001
  6.5294518e-001
  1.1566384e+000
  2.8902258e+000
  2.9967613e+000
  2.3685440e+000
  2.0606405e+000
  1.9013296e+000
  1.1285774e+000
  3.8025235e+000
  1.5115226e+000
  1.6653695e+000
  1.3199529e+000
  1.5727423e+000
  1.5275108e+000
  3.0062871e+000
  1.6107911e+000
  2.2724910e+000
  1.6089984e+000
  1.9675274e+000
  1.2410969e+000
  3.0386693e+000
  2.5058093e+000
  1.9002858e+000
