   2.3414620e+00
   1.8785436e+00
   3.5316193e+00
   1.5460297e+00
   4.1190816e+00
   2.1713061e+00
   1.9976382e+00
   1.4860427e+00
   1.0123878e+00
   2.9007291e+00
   2.1552809e+00
   1.7403108e+00
   4.6535100e+00
   6.8954920e+00
   6.6744200e+00
   1.2966232e+01
   1.3928568e+01
   2.7141434e+00
   3.0017269e+00
   2.3508845e+00
   3.6245143e+00
   3.4514705e+00
   3.4375418e+00
   4.7009756e+00
   4.4691059e+00
   5.9594551e+00
   4.5793707e+00
   3.5858921e+00
   1.8912749e+00
   2.3810020e+00
