   3.6969546e+00
   3.3402825e+00
   2.3018778e+00
   8.7699270e-01
   6.6784194e+00
   3.0646270e+00
   1.1064011e+00
   1.3229710e+00
   5.8638515e-01
   1.4477295e+00
   5.6501203e-01
   2.3419986e-01
   2.9634801e+00
   3.1769963e+00
   3.0999913e+00
   8.7386881e+00
   8.7224600e+00
   3.5529376e+00
   1.2068058e+00
   5.5816107e-01
   2.5329963e+00
   1.5154087e+00
   8.8384904e-01
   1.6633302e+00
   1.8751186e+00
   6.1342312e+00
   3.4638914e+00
   2.3173749e+00
   7.5232151e-01
   1.0441788e+00
