  7.3648391e+000
  1.9103533e+001
  1.8854702e+001
  1.0279121e+001
  1.2197122e+001
  2.3452905e+001
  1.9240133e+001
  5.7696385e+000
  1.7293420e+001
  2.1863161e+001
  1.6324629e+001
  1.0893037e+001
  1.2496980e+001
  8.7178653e+000
  1.8923935e+001
  1.6248455e+001
  1.7939376e+001
  1.2245302e+001
  1.8203929e+001
  2.2804084e+001
  2.3138205e+001
  7.4856693e+000
  1.5941362e+000
  1.2030837e+001
  1.4532070e+001
  1.8858805e+001
  1.6071257e+001
  1.0758492e+001
  3.0928405e+000
  2.4230237e+000
  2.4003469e+000
  5.2819737e+000
  8.9000738e+000
  6.6626885e+000
  2.8414953e-001
  4.1689219e-001
  1.0273151e+001
  1.7371255e+000
  8.2645481e+000
  8.8293284e+000
  4.3861736e+000
  1.3543592e+001
  1.9276430e+001
  1.5881974e+001
  1.7674363e+001
  1.5747605e+001
  2.1785064e+001
  7.8410528e+000
  2.1198113e+000
  1.1354869e+001
