  8.5533923e+000
  1.2215921e+000
  1.2371199e+000
  8.9850016e+000
  1.1539672e+001
  1.3072903e+000
  5.1764079e+000
  9.5193498e+000
  4.7592925e+000
  3.4357517e+000
  3.7073820e+000
  1.7021540e+000
  4.4177216e+000
  5.5630692e+000
  1.4967033e+000
  7.5960360e+000
  6.6826592e+000
  1.0501975e+001
  8.4348694e+000
  1.2833530e+000
  4.8175855e+000
  1.0083466e+001
  4.6904787e+000
  8.8537186e+000
  4.4077105e+000
  2.6536951e+000
  8.2867357e+000
  6.2547463e+000
  2.7072008e+000
  2.0581901e+000
  2.3174600e+000
  4.4834652e+000
  2.2134873e+000
  5.9383114e+000
  1.5903102e-001
  1.2631335e+000
  5.6173477e+000
  3.9243800e+000
  4.1822296e+000
  2.4884476e+000
  4.9116904e+000
  5.3307001e+000
  2.1497152e+000
  6.5246953e+000
  2.8585698e+000
  9.7435907e+000
  4.1608006e+000
  1.0093944e+001
  6.1856501e+000
  6.7395230e+000
