  5.0838909e+000
  2.1904408e+001
  2.1903706e+001
  2.1390212e+001
  2.0666237e+001
  1.7084055e+001
  1.1537989e+001
  1.8707417e+001
  0.0000000e+000
  7.1037625e+000
  5.2971040e+000
  7.5850769e+000
  8.1958606e+000
  3.8706164e+000
  2.3566557e+000
  5.3414787e+000
  4.9163738e+000
  1.7535279e+001
  2.9240805e+000
  8.3837500e+000
  1.2807801e+001
  5.7573921e+000
  1.8370079e+001
  1.8491221e+001
  1.1700630e+001
  9.1556696e+000
  1.5425229e+001
  1.8338326e+001
  8.3922876e+000
  5.0634405e+000
  7.5186681e+000
  1.9042594e+001
  2.0305825e+001
  1.8905603e+001
  2.0400262e+001
  2.1031394e+001
  1.0280969e+001
  4.9160356e+000
  5.2395570e+000
  1.2148803e+001
  3.1732294e+000
  5.3002043e+000
  3.7328139e+000
  3.7960873e+000
  4.8035887e+000
  7.3983853e+000
  9.8617500e+000
  8.7478816e+000
  7.0063030e+000
  5.9108312e+000
