  5.0024735e+000
  5.9120316e+000
  1.9542316e+000
  2.3708301e+000
  3.6622555e+000
  3.5211658e+000
  5.9330304e+000
  8.4381664e-002
  0.0000000e+000
  8.9902936e-002
  5.0592498e+000
  4.3113073e+000
  3.7178429e+000
  1.6064259e+000
  2.2450889e+000
  4.1094756e+000
  3.9852544e+000
  5.7204275e+000
  6.1617521e+000
  7.0773466e+000
  6.2299174e+000
  7.3987349e+000
  3.4731117e+000
  5.5565587e+000
  5.4700869e+000
  4.3072910e+000
  4.4691469e+000
  5.9020518e+000
  6.4466369e+000
  6.5192412e-001
  6.0904222e+000
  2.5582811e+000
  1.9200170e+000
  1.2736405e+000
  1.6158383e+000
  2.3331603e+000
  7.5962945e+000
  4.1499782e+000
  3.4435276e+000
  7.3589324e+000
  4.2570685e+000
  3.5358197e+000
  2.6684745e+000
  1.7869029e+000
  2.3221713e+000
  3.7907303e+000
  3.6767826e+000
  1.7575274e+000
  7.4998285e-001
  2.1793647e+000
