  8.2034798e+000
  4.5363952e+000
  2.9793306e+000
  5.2816169e+000
  5.9245726e+000
  2.0555895e+001
  2.1257940e+001
  2.2426806e+001
  2.1171343e+001
  2.4376733e+001
  5.0658750e+000
  1.9051509e+000
  3.0045431e+000
  1.0809086e+001
  2.1025302e+001
  1.3991168e+001
  1.4488052e+001
  1.5548647e+001
  1.9543897e+001
  1.4326377e+001
  1.7418480e+001
  1.6643430e+001
  6.5936651e+000
  1.8299285e+001
  1.8735131e+001
  1.8009532e+001
  2.4202036e+000
  1.0598326e+000
  2.6743032e+000
  1.4439910e+000
  6.8999458e+000
  1.5167312e+001
  1.0468717e+001
  0.0000000e+000
  0.0000000e+000
  2.5260714e-001
  5.2907296e+000
  5.4481695e+000
  2.9841792e+000
  3.8101375e+000
  6.0013447e+000
  1.1532961e+001
  6.0936211e+000
  1.2277173e+001
  4.0873098e+000
  6.3889922e+000
  7.2183724e+000
  7.3755703e+000
  8.9721211e+000
  5.8797539e+000
