  2.1331928e+000
  3.8837662e+000
  1.6483633e+000
  4.7843569e+000
  6.4923268e+000
  5.7073991e+000
  1.9796256e+000
  3.0730173e+000
  3.4735563e+000
  2.3721170e+000
  7.0548535e+000
  5.6676905e-001
  8.1793189e-001
  8.6019166e+000
  2.2183013e+000
  2.1849126e+000
  1.9809136e+000
  2.0046901e+000
  2.9553196e+000
  1.0182999e+001
  4.1302298e+000
  2.2011803e+000
  9.1613901e+000
  3.1045576e+000
  2.0422243e+000
  3.3106965e+000
  4.7644370e+000
  2.8675388e+000
  2.5318660e+000
  1.4086897e+000
  2.2352861e+000
  4.4451077e+000
  3.5670840e+000
  0.0000000e+000
  0.0000000e+000
  4.1284238e-002
  3.2934482e+000
  2.3094551e+000
  2.4873566e-001
  1.0458282e+000
  5.0510647e+000
  8.2190477e+000
  6.5699106e+000
  6.2999606e+000
  5.9449650e+000
  3.4029066e+000
  6.3013744e+000
  1.5503524e+000
  3.8960044e+000
  3.7576516e+000
