  2.9155470e+000
  3.6098452e+000
  3.2265198e+000
  6.0811967e+000
  6.0383808e+000
  4.4487699e+000
  6.5789130e+000
  1.5840947e+001
  7.0273136e+000
  1.9608724e+001
  1.8305538e+000
  1.1265472e+000
  1.7057736e+000
  2.1346160e+000
  2.6390604e+000
  1.2665396e+000
  1.6976151e+000
  2.0860890e+001
  1.9640221e+001
  2.0342621e+001
  9.0723158e+000
  1.7604877e+000
  7.4131230e+000
  8.6312090e+000
  9.9698934e+000
  8.8435992e+000
  9.4883403e+000
  4.1910207e+000
  2.2684057e+000
  2.4377869e-001
  2.8213937e-001
  9.3463538e+000
  1.3836774e+001
  6.7735637e+000
  1.9300000e-001
  1.2227972e+000
  1.6482110e+001
  2.9808698e+000
  1.0232723e+001
  1.3795179e+001
  2.3439378e+000
  3.1700991e+000
  8.3791978e+000
  1.4012505e+001
  1.9197566e+001
  2.3883981e+000
  1.1823542e+001
  1.4180585e+001
  1.5909052e+001
  1.7988278e+001
