  4.3028664e+000
  2.2918739e+000
  1.5109278e+000
  1.0292062e+000
  1.5828936e+000
  2.2237166e+000
  9.6846161e+000
  9.3964771e+000
  1.0952930e+001
  4.3529149e+000
  5.6086567e+000
  3.2625676e-001
  5.4729970e-001
  1.6853910e+000
  2.8069347e+000
  6.5607662e-001
  2.1246015e+000
  8.1185554e+000
  3.7343451e+000
  3.1929748e+000
  8.6719433e+000
  2.7972727e+000
  1.3207439e+000
  9.4160262e-001
  2.4377136e+000
  2.4288890e+000
  3.2788242e+000
  5.1983347e+000
  4.2416921e+000
  6.7240005e-002
  1.0825867e+000
  4.3821101e+000
  4.8917115e+000
  5.7317083e+000
  1.2870838e-001
  5.0346297e+000
  9.7389459e+000
  6.9524169e+000
  8.6217069e+000
  8.2410057e+000
  8.2817055e-001
  2.6894320e+000
  6.2492479e+000
  7.7024032e+000
  3.7717743e+000
  1.8186183e+000
  6.6873843e+000
  2.7125894e+000
  3.2030826e+000
  1.6645283e+000
