  1.9248391e+000
  4.2351913e+000
  5.6800957e+000
  4.3149826e+000
  4.8961609e+000
  6.7737729e+000
  8.0820783e+000
  6.0176565e+000
  2.7551696e+000
  2.5383478e+000
  2.7363621e+000
  3.1388683e+000
  5.0608042e+000
  2.8561399e+000
  5.7379300e+000
  4.6226872e+000
  7.2766818e+000
  2.8328577e+000
  5.0942387e+000
  9.7108971e+000
  9.9637635e+000
  8.0401245e+000
  1.7678423e-001
  1.3163747e+001
  1.1180759e+001
  1.0970531e+001
  9.8795145e+000
  3.2757344e+000
  5.3345519e+000
  1.2416041e+001
  1.2876532e+001
  2.1435855e+001
  1.0122893e+001
  2.2796459e+001
  2.5245107e+001
  2.3204552e+001
  2.4952906e+001
  1.8192965e+001
  1.8044364e+001
  1.2581318e+001
  9.8532239e+000
  2.2922836e+000
  1.2521940e+000
  1.0230244e+001
  1.1386328e+001
  5.8427789e+000
  1.8690443e+001
  7.5535920e+000
  4.9176318e+000
  2.5227214e+000
