  9.4241860e-001
  2.2935462e+000
  1.8247961e+000
  2.0153359e+000
  2.6764850e+000
  2.5266295e+000
  5.4934607e+000
  1.5276441e+000
  2.0469627e+000
  1.0829790e+000
  1.1859730e+000
  1.3388749e+000
  3.2215826e+000
  1.1051257e+000
  5.7113212e+000
  7.0571888e+000
  2.0900858e+000
  1.8962892e+000
  1.8661172e+000
  1.9020666e+000
  1.5418421e+000
  6.4790291e+000
  4.9817366e-002
  6.6056592e+000
  3.7057591e+000
  3.2143296e+000
  3.0959346e+000
  5.3224280e+000
  3.7890215e+000
  2.5120223e+000
  3.2731107e+000
  3.0243146e+000
  9.6969882e+000
  1.9452295e+000
  1.4007247e+000
  5.7622889e+000
  2.9161489e+000
  9.8909635e+000
  6.1966271e+000
  2.6175063e+000
  4.8644576e+000
  4.9382886e-001
  6.8852727e-001
  5.0313959e+000
  4.0698398e+000
  5.7550602e+000
  4.7745266e+000
  5.7121966e+000
  3.0694606e+000
  9.9058368e-001
