  1.4255266e+001
  1.5653572e+001
  1.3670330e+001
  1.5441782e+001
  1.2925740e+001
  5.0315333e+000
  5.4748105e+000
  5.7213895e+000
  4.9426386e+000
  4.2445825e+000
  6.4562632e+000
  5.1039825e+000
  4.1244167e+000
  4.8382368e+000
  3.0690219e+000
  5.4180132e+000
  5.9304342e+000
  6.5972149e+000
  6.6652807e+000
  7.0828640e+000
  5.8134253e+000
  4.9519502e+000
  6.2600090e+000
  1.0554086e+001
  1.8252619e+001
  1.5979629e+001
  1.5336398e+001
  8.3026561e+000
  3.0689186e+000
  2.9810995e+000
  5.0096967e+000
  5.0598199e+000
  5.5706445e+000
  5.1004739e+000
  6.3600237e+000
  5.4957488e+000
  6.3471991e+000
  6.4048863e+000
  5.0512891e+000
  2.4658009e+000
  2.9211930e+000
  2.6194123e+000
  4.0238070e+000
  6.3435658e+000
  6.8709825e+000
  8.8238465e+000
  1.4219757e+001
  2.1353586e+001
  2.1626628e+001
  2.0408119e+001
