  1.9548062e+000
  1.3903957e+000
  3.1565565e+000
  2.3507820e+000
  5.5136425e+000
  9.7749945e-001
  5.4520875e-001
  1.4341600e+000
  6.2198177e-001
  9.7609439e-001
  2.0658091e+000
  2.4013335e+000
  7.6344407e-001
  1.1326133e+000
  9.5505552e-001
  2.2328569e+000
  1.3915216e+000
  1.6395468e+000
  2.5525419e+000
  1.5954806e+000
  2.5451451e+000
  2.3058068e+000
  2.3989543e+000
  6.4656821e+000
  6.9088039e+000
  4.9397745e+000
  4.1964469e-001
  5.4116111e+000
  7.9298097e-001
  4.9948111e-001
  2.2336559e+000
  1.6961180e+000
  2.5650313e+000
  2.3296294e+000
  2.3581552e+000
  8.1248948e-001
  1.2512541e+000
  2.7522176e+000
  1.6702118e+000
  1.1698781e+000
  7.2739588e-001
  6.5313041e-001
  2.0513644e+000
  1.9292284e+000
  1.7699576e+000
  3.7255560e+000
  6.4952510e+000
  4.0249039e+000
  5.7727999e+000
  7.1937878e+000
