  1.1957285e+001
  9.5828333e+000
  1.3506134e+001
  8.0973347e+000
  2.9464351e+000
  3.7289414e+000
  3.7422366e+000
  8.3896900e+000
  1.5262149e+001
  8.9945607e+000
  3.9222709e-001
  1.9282540e+000
  2.9145806e+000
  9.7278929e+000
  1.9427456e+001
  2.0422389e+001
  2.1808167e+001
  2.3258437e+001
  2.2281012e+001
  2.1744861e+001
  2.1181698e+001
  2.1695667e+001
  2.0119809e+001
  1.9085107e+001
  2.1453013e+001
  1.0311867e+001
  1.5559236e+001
  1.8418378e+001
  2.0420169e+001
  1.8483684e+001
  1.0411747e+001
  2.1927031e+000
  1.0485620e+000
  7.6049574e+000
  1.5117306e+001
  1.2037403e+001
  1.2023019e+001
  1.2034488e+001
  4.4313953e+000
  4.3177248e+000
  4.5335640e+000
  4.7081137e+000
  1.1344752e+001
  1.1613785e+001
  6.6189135e+000
  2.9246445e+000
  2.7748483e+000
  4.2323839e+000
  3.5279953e+000
  9.1233081e+000
