  6.1470710e+000
  1.1030224e+001
  6.2064927e+000
  1.9949265e-001
  2.8731123e+000
  3.1517736e+000
  4.4233130e+000
  8.8912190e+000
  7.0250873e+000
  4.7196573e+000
  7.4649704e-001
  7.6757494e-001
  1.3609911e+000
  6.7503443e+000
  3.9689048e+000
  2.2046385e+000
  2.4498580e+000
  1.3891831e+000
  1.9456547e+000
  1.6254856e+000
  1.4551660e+000
  2.4342249e+000
  4.1300854e+000
  2.5531566e+000
  2.7149529e+000
  1.0752588e+001
  6.5304719e+000
  1.7190821e+000
  1.8474976e+000
  1.6877948e+000
  7.4196197e+000
  2.6303491e+000
  1.1178487e+000
  4.5854160e+000
  5.1283682e+000
  3.5483318e+000
  1.1399832e+000
  7.5779771e-001
  3.7274151e+000
  1.0950718e+000
  8.0462587e-001
  1.2915762e+000
  1.9289909e+000
  2.3439632e+000
  4.5437200e+000
  9.0268682e-001
  8.8832132e-001
  2.4441425e+000
  1.9710564e+000
  6.2573318e+000
