  8.4288502e+000
  4.5202659e+000
  5.3538914e+000
  5.0851760e+000
  5.3999273e+000
  1.2192814e+001
  2.7807753e+000
  9.0643308e+000
  5.3567500e+000
  4.4697903e+000
  5.1092622e+000
  1.0247094e+001
  4.7505228e+000
  3.3457937e+000
  2.1788287e+000
  1.3469446e+001
  1.7355703e+001
  1.4171742e+001
  1.8040291e+001
  1.9600528e+001
  1.4059547e+001
  6.0527357e+000
  2.3733921e-001
  1.0338793e+001
  1.7847330e+001
  1.6485379e+001
  1.9101837e+001
  1.9829743e+001
  2.0132762e+001
  1.6770619e+001
  1.1701657e+001
  8.8269115e+000
  1.0725054e+001
  9.1804189e+000
  1.2912766e+001
  1.6056250e+001
  1.6187015e+001
  1.5918424e+001
  1.9413830e+001
  2.0378691e+001
  1.6208491e+001
  1.4336342e+001
  1.3472737e+001
  1.8070588e+001
  1.5855921e+001
  1.5356561e+001
  9.0922763e+000
  5.2189693e+000
  4.0794605e+000
  2.5956404e+000
