  5.0763254e+000
  2.8513872e+000
  1.0333589e+000
  1.0775339e+000
  1.4773571e+000
  7.4671713e+000
  5.6659373e+000
  4.2803089e+000
  3.0174270e+000
  2.9842186e+000
  3.8769888e+000
  2.8038655e+000
  2.9687295e+000
  2.0714461e+000
  2.7516818e-001
  7.4982147e+000
  8.3709158e+000
  1.0275815e+001
  5.0739798e+000
  4.1983790e+000
  4.0208284e+000
  6.1634311e+000
  7.9808756e-002
  6.4204279e+000
  5.4175679e+000
  3.2691651e+000
  3.9565307e+000
  3.3908853e+000
  3.4195249e+000
  4.9428445e+000
  4.7587081e+000
  8.5616844e+000
  5.9664946e+000
  4.4028764e+000
  2.3220347e+000
  5.7958003e+000
  3.9394106e+000
  3.2237449e+000
  4.0348130e+000
  2.0060092e+000
  2.1722830e+000
  2.7562654e+000
  4.7729813e+000
  4.8880163e+000
  6.0293785e+000
  5.0610239e+000
  3.0391940e+000
  1.8112543e+000
  1.8376276e+000
  9.3705535e-001
