  2.7802285e+000
  2.9424757e+000
  4.9275985e+000
  6.4904962e+000
  3.8553483e+000
  1.4984318e+001
  1.1731273e+001
  5.9967197e+000
  5.8571910e-001
  1.1842959e+001
  1.9508610e+001
  1.9062069e+001
  1.8857307e+001
  1.1700687e+001
  1.0354340e+001
  1.9506602e+000
  7.7117375e-001
  7.7676873e+000
  1.2591647e+001
  2.3619965e+001
  2.1487657e+001
  1.9512713e+001
  1.1698565e+001
  9.9631019e+000
  9.3623981e+000
  1.3608653e+001
  7.2363519e+000
  2.7956701e+000
  1.3564815e+000
  4.4671620e+000
  8.7461327e+000
  1.2955744e+001
  1.8967490e+001
  0.0000000e+000
  5.4143792e+000
  2.8872241e+000
  2.1302594e+000
  3.3033788e+000
  1.2899374e+001
  1.4312190e+001
  8.6927386e+000
  1.0227720e+001
  1.1894065e+001
  8.5631005e+000
  2.0336708e+000
  7.6524691e+000
  2.5129536e+000
  1.2522610e+001
  1.3175228e+001
  1.3037931e+001
