  1.0474038e+000
  9.1066607e-001
  4.8670170e+000
  6.8542538e+000
  5.5425139e+000
  3.1257194e+000
  3.9551906e+000
  4.0811975e+000
  2.7073360e+000
  9.0597156e+000
  2.0469746e+000
  9.2760134e-001
  6.5998904e+000
  1.8468171e+000
  3.1345329e+000
  2.2793713e+000
  8.7704988e-001
  5.0579239e+000
  5.8260189e+000
  1.8160860e+000
  3.4713570e+000
  3.4122515e+000
  9.6566262e+000
  5.3399837e+000
  5.1459820e+000
  2.7961745e+000
  7.6886013e+000
  3.3706689e+000
  2.9237015e+000
  5.0080711e+000
  4.0115264e+000
  8.2130547e+000
  2.9424856e+000
  0.0000000e+000
  4.5471896e+000
  8.3065124e-001
  9.3412039e-001
  1.7259089e+000
  7.7758590e+000
  4.2090237e+000
  4.9811250e+000
  6.3523969e+000
  8.2412334e+000
  9.4944575e+000
  1.0014282e+000
  6.3946220e+000
  1.8157994e+000
  4.8030591e+000
  1.6337167e+000
  2.4353009e+000
