  5.8049154e+000
  4.1643682e+000
  3.2071542e+000
  3.1794229e+000
  3.7222139e+000
  6.9487711e+000
  3.6027413e+000
  3.3455224e+000
  3.1865323e+000
  4.7009602e+000
  7.5452455e+000
  3.6050000e+000
  3.6726161e+000
  5.1991429e+000
  5.1501741e+000
  4.7255580e+000
  5.0245312e+000
  3.8187991e+000
  4.9194598e+000
  3.4948527e+000
  3.6616928e+000
  4.0870783e+000
  4.2124880e+000
  8.2947952e+000
  7.7972711e+000
  4.1050000e+000
  3.6572349e+000
  5.2405783e+000
  7.4107530e+000
  7.5917229e+000
  8.7922277e+000
  9.0915000e+000
  5.1249059e+000
  6.5955025e+000
  8.9181485e+000
  8.7697723e+000
  8.8967178e+000
  9.4168614e+000
  9.1380594e+000
  1.0833842e+001
  9.1899766e+000
  1.1000930e+001
  9.8233567e+000
  1.8883404e+001
  1.4868836e+001
  5.8114912e+000
  6.0991813e+000
  7.1346199e+000
  7.2099123e+000
  7.0641813e+000
