  4.6910785e-001
  1.9744897e+000
  1.9685275e+000
  1.3417880e+000
  1.3354712e+000
  3.1209546e+000
  1.1873337e+000
  1.1893407e+000
  1.4489725e+000
  1.7546984e+000
  1.7372223e+000
  1.4434125e+000
  1.2171025e+000
  1.1553532e+000
  9.6462275e-001
  7.7491988e-001
  7.3515902e-001
  7.9374369e-001
  7.3768846e-001
  8.6727061e-001
  9.8355519e-001
  1.3443235e+000
  1.1185450e+000
  2.8330054e+000
  2.1745878e+000
  2.6111757e+000
  9.0212179e-001
  2.4487548e+000
  2.4920153e+000
  3.6741536e+000
  2.3958953e+000
  1.6848056e+000
  2.7257429e+000
  4.2524808e+000
  8.5823677e-001
  7.8974296e-001
  8.1418254e-001
  1.6299870e+000
  2.6292760e+000
  2.3781016e+000
  1.7764201e+000
  5.2527050e-001
  2.6876139e+000
  1.5547634e+000
  6.0649998e+000
  5.5861648e-001
  9.9063397e-001
  1.3867010e+000
  1.8188940e+000
  1.6151738e+000
