  2.2935427e+001
  2.1569526e+001
  5.8629013e+000
  4.5306059e+000
  3.5035212e+000
  5.5493965e+000
  7.3430597e+000
  5.2599195e+000
  6.7768898e+000
  7.0145466e+000
  7.5484900e+000
  4.9559921e+000
  3.8803095e+000
  2.4503929e+000
  1.2167742e+000
  7.2819048e+000
  1.0647484e+001
  1.5969889e+001
  1.0904641e+001
  7.9332937e+000
  1.6772043e+001
  7.9727000e+000
  1.9121980e+001
  1.9170345e+001
  1.9096055e+001
  2.1377859e+001
  4.3536050e+000
  2.6406100e+000
  8.4228450e+000
  1.8499563e+001
  2.1123810e+001
  2.0640039e+001
  2.0133012e+001
  1.8175551e+001
  1.7756888e+001
  7.7384380e+000
  3.4482597e+000
  1.1244113e+001
  3.3923605e+000
  3.6518477e+000
  1.4260415e+001
  1.8242111e+001
  1.3454678e+001
  1.5601643e+001
  2.8540136e+000
  1.4163939e+001
  6.7203604e+000
  1.6441541e+001
  1.0391722e+001
  1.6164223e+001
