  1.6589925e+000
  5.1148532e+000
  5.3136727e+000
  1.4589662e+000
  2.3984133e+000
  3.6327717e+000
  2.3356439e+000
  1.5704473e+000
  1.3576039e+000
  2.0308958e+000
  3.5106864e+000
  3.3151740e+000
  1.6047024e+000
  1.5635602e+000
  6.7263228e-001
  3.2827825e+000
  6.9223816e+000
  2.5176405e+000
  7.4140206e+000
  3.0821306e+000
  5.3716143e+000
  4.8205848e+000
  3.2549755e+000
  2.5021538e+000
  2.0318387e+000
  3.1631462e+000
  5.0074418e+000
  1.5294170e+000
  7.9857927e+000
  2.9743631e+000
  1.3503613e+000
  1.6118263e+000
  1.7128349e+000
  4.7835013e+000
  3.7762992e+000
  4.9641625e+000
  2.2098500e+000
  5.5867547e+000
  3.5023297e+000
  3.9634601e+000
  7.4089453e+000
  2.2830229e+000
  8.3836046e+000
  8.7458252e+000
  4.3564869e+000
  1.2207190e+001
  8.4213350e+000
  8.4794459e+000
  6.4581340e+000
  8.2395983e+000
