  6.4517333e+000
  6.7012089e+000
  7.8850933e+000
  6.6368844e+000
  5.2788178e+000
  7.1811067e+000
  6.9596978e+000
  8.5743355e+000
  1.1608096e+001
  7.6522186e+000
  6.9089265e+000
  9.8119784e+000
  7.4643333e+000
  5.3216260e+000
  6.1861220e+000
  4.4851626e+000
  5.2976870e+000
  7.2710610e+000
  7.7505610e+000
  7.0395732e+000
  7.4394510e+000
  6.0519461e+000
  4.9165000e+000
  6.6201275e+000
  6.1584490e+000
  3.2587794e+000
  3.8170980e+000
  2.9058578e+000
  1.3591422e+000
  3.3300980e+000
  5.8108673e+000
  1.1668436e+001
  2.4125306e+000
  2.2637857e+000
  3.0730255e+000
  4.1211071e+000
  4.2194337e+000
  9.4762194e+000
  8.1829337e+000
  4.6991531e+000
  3.5194688e+000
  4.8148705e+000
  3.5557188e+000
  4.1293125e+000
  7.0028884e+000
  7.0402634e+000
  6.0716875e+000
  5.8572500e+000
  4.8930134e+000
  4.6464598e+000
