  2.0445879e+000
  1.8129532e+000
  1.9901364e+000
  2.4721272e+000
  2.1384931e+000
  1.2239345e+000
  1.0401795e+000
  4.4232584e+000
  4.2625674e+000
  8.8763565e-001
  7.1884599e-001
  6.3605226e+000
  2.5913117e+000
  1.9366721e+000
  1.9863096e+000
  1.6722381e+000
  1.6201072e+000
  8.9359895e-001
  1.6756406e+000
  2.5549091e+000
  3.0865648e+000
  2.3237257e+000
  1.7177533e+000
  1.6885152e+000
  2.9972136e+000
  8.1478852e-002
  7.9915333e-001
  1.7405230e+000
  1.4182784e-001
  1.0718696e+000
  5.0100331e+000
  9.9954390e+000
  1.1664588e-001
  3.3798329e-001
  1.3752404e+000
  1.6172051e+000
  1.8119818e+000
  2.3717944e+000
  1.6348706e+000
  2.9732499e+000
  1.0450905e+000
  2.2731677e+000
  5.8822408e-001
  1.4367542e+000
  3.9765144e-001
  9.7182755e-001
  2.2073764e+000
  1.6246383e+000
  2.1670341e+000
  1.0450525e+000
