  7.0836267e+000
  7.0746044e+000
  1.2398031e+001
  1.3705076e+001
  6.4071422e+000
  3.9427511e+000
  4.4684356e+000
  2.3094375e+000
  8.8808089e+000
  2.0953200e+001
  1.6095521e+001
  8.7190983e+000
  9.0640504e+000
  1.2004781e+001
  6.8491092e+000
  5.0600420e+000
  1.8546328e+001
  1.4403882e+001
  1.4555786e+001
  1.3601773e+001
  1.5093226e+001
  6.7722896e+000
  3.8813955e+000
  2.3416833e+000
  6.9607511e+000
  1.2153380e+001
  1.4200380e+001
  1.1517213e+001
  5.4287330e-001
  7.9593529e+000
  3.7931007e+000
  1.9242525e+001
  1.5478407e+001
  1.9556950e+001
  2.2506687e+001
  1.1489833e+001
  7.2054143e+000
  3.2643943e+000
  1.3504286e+000
  4.4917786e+000
  5.2422535e+000
  4.8486432e+000
  3.4505634e+000
  3.7106103e+000
  1.3724202e+001
  2.0915089e+001
  1.8915869e+001
  1.4991934e+001
  5.6283568e+000
  4.9453709e+000
