  1.4483114e+000
  1.5280661e+000
  7.7235553e+000
  7.3539059e+000
  3.7141057e+000
  3.8556381e+000
  5.3914642e+000
  1.2915477e-001
  9.5474740e+000
  4.0257702e+000
  8.7052128e+000
  7.4547860e+000
  6.8262160e+000
  7.1762428e+000
  7.7748568e+000
  6.6568745e+000
  1.9007978e+000
  1.4751697e+000
  2.9876983e+000
  2.7309536e+000
  5.0115281e+000
  4.3071720e+000
  6.7169677e-001
  6.3100519e-001
  4.6247859e+000
  5.2896450e+000
  1.6847534e+000
  5.5856598e+000
  1.5949729e+000
  5.6041248e+000
  4.9551163e+000
  2.1741588e+000
  5.9267802e+000
  3.6377698e+000
  1.5677617e+000
  6.5071133e+000
  7.0357184e-001
  2.5799195e+000
  7.5503343e-002
  2.1127457e+000
  8.6826130e-001
  1.6971646e+000
  1.4167220e+000
  1.1998525e+000
  6.0704865e+000
  3.6772662e+000
  4.2298066e+000
  5.0999716e+000
  1.3403615e+000
  1.0249267e+000
