  2.6594586e+000
  1.4194302e+000
  2.2086566e+000
  2.3873195e+000
  7.1942030e+000
  6.1631992e+000
  5.9672406e+000
  3.2453722e+000
  3.0910714e+000
  5.0647774e+000
  2.6479823e+000
  7.8509343e+000
  1.5249365e+001
  1.8758717e+001
  1.8599336e+001
  9.0431590e+000
  2.6238007e+000
  5.2650318e+000
  4.7920565e+000
  3.7906206e+000
  1.4747354e+000
  1.3754687e+000
  3.4170491e+000
  1.6971545e+001
  1.8063471e+001
  1.2232554e+001
  2.7604598e+000
  3.3153498e+000
  3.4430773e+000
  1.2617884e+001
  1.2379442e+001
  1.1290832e+001
  7.8412548e+000
  4.4051250e+000
  7.9112067e+000
  2.0956721e+001
  2.2351065e+001
  1.3333202e+001
  1.0894407e+001
  1.6532995e+001
  6.8830042e+000
  1.3584756e+001
  1.1990776e+001
  8.7124938e+000
  7.2575228e+000
  1.3351237e+001
  1.2564448e+001
  8.5806390e+000
  1.6580122e+001
  4.2122105e+000
