  2.4371741e+000
  1.0214056e+000
  1.7736015e+000
  5.4631100e-001
  6.7091258e+000
  1.4502412e+000
  1.1655632e+000
  1.7009425e+000
  1.8036511e+000
  3.4421277e+000
  1.4342254e+000
  7.1636705e+000
  7.6875007e+000
  3.5887902e+000
  1.2256110e+000
  7.8806866e+000
  2.1929805e+000
  1.3654144e+000
  4.9951860e-001
  1.9422210e+000
  1.5561419e+000
  5.9661860e-001
  3.7208220e+000
  2.2471833e+000
  1.6057843e+000
  7.9587807e+000
  5.9636269e-001
  1.9754876e+000
  3.3631044e+000
  1.0448402e+000
  1.6444590e+000
  1.6662125e+000
  3.6883570e+000
  3.5655389e+000
  7.4096577e+000
  1.4649453e+000
  1.4389605e+000
  8.7074270e+000
  8.9316814e+000
  8.5144383e+000
  5.6262281e+000
  6.8166423e+000
  5.1875798e+000
  1.1634952e+000
  3.1068110e+000
  6.5321725e+000
  4.6771246e+000
  6.6773147e+000
  6.1739095e+000
  2.7339817e+000
