  1.6349111e+001
  2.0266136e+001
  1.1727305e+001
  8.4698811e+000
  8.7391025e+000
  6.0175533e+000
  6.6536844e+000
  6.4165697e+000
  5.7897418e+000
  5.3151434e+000
  9.1043032e+000
  8.6790860e+000
  8.6511267e+000
  8.4306063e+000
  8.2532579e+000
  7.2664253e+000
  6.6349108e+000
  4.9135885e+000
  1.0255923e+001
  1.4360119e+001
  1.4422043e+001
  1.3159749e+001
  4.9550000e+000
  9.4031488e+000
  1.0521479e+001
  9.8337488e+000
  6.8575209e+000
  7.1125535e+000
  7.8615907e+000
  6.6021163e+000
  6.6170500e+000
  6.0658636e+000
  5.3009545e+000
  4.3113000e+000
  5.3003727e+000
  1.2003382e+001
  2.3681134e+001
  2.0267279e+001
  1.1731218e+001
  9.3731500e+000
  9.2273825e+000
  2.8273456e+000
  3.7058986e+000
  1.6321435e+000
  8.1731542e+000
  5.9700876e+000
  3.0011935e+000
  2.9430323e+000
  4.2033779e+000
  4.5476221e+000
