  4.4134450e+000
  5.3655378e+000
  7.1086594e+000
  5.0708053e+000
  2.0045986e+000
  1.8242034e+000
  1.9213727e+000
  1.4103558e+000
  2.2083971e+000
  2.1042820e+000
  3.4695502e+000
  2.6390512e+000
  2.2027245e+000
  1.2052175e+000
  8.5832885e-001
  1.5867325e+000
  1.5708002e+000
  1.7056892e+000
  4.0514322e-002
  4.6801728e-001
  5.0728028e-001
  2.0166036e+000
  3.8619649e+000
  2.5926854e+000
  2.0646078e+000
  2.8369652e+000
  1.5169958e+000
  1.4002277e+000
  1.1990053e+000
  9.7882933e-001
  9.3584934e-001
  1.1334669e+000
  1.1974815e+000
  1.3042904e+000
  2.8825014e+000
  3.3188603e+000
  1.7496137e+000
  5.9658331e+000
  4.8458271e+000
  1.0785985e+000
  1.3309129e+000
  2.4744324e+000
  3.0584281e+000
  5.4700447e-001
  2.3868229e+000
  2.1717309e+000
  2.4951890e+000
  5.2641525e-001
  1.4205819e+000
  1.6575017e+000
