  4.9215000e+000
  5.9144748e+000
  7.9243950e+000
  4.2800084e+000
  7.4286765e+000
  3.8867563e+000
  5.5987731e+000
  5.9069958e+000
  5.3696176e+000
  5.7057941e+000
  3.8179679e+000
  6.4318440e+000
  7.6553211e+000
  1.3336413e+001
  5.4595826e+000
  5.4325321e+000
  6.1674725e+000
  4.4155642e+000
  4.6905275e+000
  5.4400367e+000
  7.6148117e+000
  8.0251121e+000
  6.4237568e+000
  5.4100045e+000
  4.7181659e+000
  5.7981614e+000
  6.2459686e+000
  1.7476743e+001
  1.5691318e+001
  5.6775336e+000
  2.2693277e+000
  4.4163067e+000
  5.0776471e+000
  4.8912101e+000
  4.6615588e+000
  6.9751807e+000
  7.2933487e+000
  7.4801218e+000
  5.6040578e+000
  6.1184916e+000
  5.4912755e+000
  1.8068000e+001
  1.7783192e+001
  3.2734717e+000
  4.3909057e+000
  2.7820075e+000
  3.3608642e+000
  1.8716249e+001
  1.6592989e+001
  2.0891045e+001
