  1.5789590e+000
  8.7441524e-001
  2.0963526e+000
  2.3839977e+000
  3.1834261e+000
  9.5734915e-001
  1.1745965e+000
  1.2136062e+000
  1.2263370e+000
  2.0254624e+000
  1.6965059e+000
  2.7890716e+000
  3.3063454e+000
  5.8449478e+000
  2.7505858e+000
  2.1384397e+000
  3.0355885e+000
  2.2986971e+000
  1.0306434e+000
  3.8381973e-001
  1.3122649e+000
  2.0719792e+000
  2.8097603e+000
  1.5838029e+000
  1.1985609e+000
  1.6070020e+000
  1.5087542e+000
  7.2863814e+000
  5.7546108e+000
  6.3228933e+000
  2.0555953e-001
  1.1508185e+000
  4.3692714e-001
  6.4634004e-001
  2.2058096e+000
  1.5732468e+000
  7.5104361e-001
  2.4834262e+000
  1.4315751e+000
  1.4479350e+000
  1.3052566e+000
  9.5448717e+000
  1.0288409e+001
  5.7273085e-001
  4.1163614e+000
  2.1312773e+000
  1.1173247e+000
  6.1647380e+000
  8.6382895e+000
  2.2302379e+000
