  7.4418680e+000
  7.5930240e+000
  7.9057240e+000
  6.9717320e+000
  5.0283160e+000
  3.4227720e+000
  3.7122520e+000
  1.2491432e+001
  7.1979520e+000
  5.6706880e+000
  3.0481188e+000
  2.6139257e+000
  3.5924554e+000
  5.0342277e+000
  5.5003267e+000
  6.3725842e+000
  7.2390347e+000
  7.2420842e+000
  5.5146139e+000
  4.8292376e+000
  7.0956952e+000
  7.7385952e+000
  7.5484714e+000
  7.2499714e+000
  5.2925048e+000
  8.1817571e+000
  9.1605952e+000
  7.2033381e+000
  8.4119810e+000
  7.6343714e+000
  9.2294358e+000
  8.5529908e+000
  6.7516972e+000
  5.6908945e+000
  3.5041972e+000
  4.3076881e+000
  8.1037018e+000
  5.0192431e+000
  3.3162018e+000
  3.2050367e+000
  1.0171307e+001
  9.1334000e+000
  8.4083257e+000
  6.7872490e+000
  5.2919084e+000
  1.6349410e+001
  2.3713376e+001
  2.4033000e+001
  1.8011492e+001
  1.0630552e+001
