  1.5223107e+000
  1.4693271e+000
  1.8566009e+000
  4.1965826e+000
  2.1630950e+000
  4.0581512e-001
  2.5836774e+000
  5.7822155e+000
  6.4347876e+000
  5.0057695e+000
  7.2207855e-001
  6.4403199e-001
  1.1088091e+000
  1.1102302e+000
  1.6390586e+000
  1.7701708e+000
  4.8295412e-001
  9.8796440e-001
  1.1611391e+000
  1.0056510e+000
  1.3931789e+000
  1.5629247e+000
  2.0558110e+000
  2.5919435e+000
  2.2050447e+000
  2.7834500e+000
  2.6366635e+000
  2.4352931e+000
  9.5854865e-001
  1.3937537e+000
  2.1454113e+000
  3.8175966e+000
  3.4370374e+000
  5.4887691e+000
  2.2797223e+000
  3.9644560e+000
  5.3348970e+000
  7.0191131e-001
  1.5200603e+000
  2.0157955e+000
  7.8832954e+000
  7.4549821e+000
  2.3980380e+000
  3.9111184e+000
  4.2451273e+000
  9.7620710e+000
  6.4136165e-001
  1.4575683e+000
  7.3642633e+000
  5.9985556e+000
