  4.3544138e+000
  4.2822797e+000
  3.8597318e+000
  2.3702261e+000
  5.5631149e+000
  3.8208276e+000
  3.3079540e+000
  3.3468659e+000
  4.0290536e+000
  4.8555594e+000
  6.5594444e+000
  5.1077923e+000
  6.5796135e+000
  7.0348116e+000
  5.3803961e+000
  5.2514106e+000
  5.3198261e+000
  4.7552899e+000
  5.0757681e+000
  3.6544734e+000
  4.5749405e+000
  1.1213175e+001
  1.0431690e+001
  3.9867421e+000
  3.9771230e+000
  4.2766786e+000
  5.0855119e+000
  4.8862619e+000
  4.7131310e+000
  5.9817097e+000
  4.0958632e+000
  4.0418842e+000
  6.5600842e+000
  3.8475895e+000
  6.2909000e+000
  5.4087632e+000
  5.4849947e+000
  6.5694368e+000
  4.5631000e+000
  3.7031895e+000
  4.0007254e+000
  4.5112591e+000
  5.9175026e+000
  4.9893523e+000
  5.8872798e+000
  7.9214197e+000
  6.7731762e+000
  4.9590777e+000
  4.8528394e+000
  4.0257306e+000
