  1.7747281e+000
  1.7712821e+000
  8.8832302e-001
  9.4845271e-001
  3.3862226e+000
  2.8566186e+000
  5.6770268e-001
  6.6438468e-001
  1.0279487e+000
  1.0473759e+000
  2.0775060e+000
  2.1156489e+000
  1.2375719e+000
  1.0853837e+000
  2.2701126e+000
  1.2591189e+000
  1.2690666e+000
  1.7940354e+000
  1.3001446e+000
  1.2006492e+000
  1.2394075e+000
  6.2412643e+000
  7.4497102e+000
  1.3163378e+000
  1.3445347e+000
  1.3784037e+000
  1.9106319e+000
  1.6373640e+000
  1.6341179e+000
  3.4970963e+000
  2.1897858e+000
  1.3615705e+000
  1.5374155e+000
  1.1671822e+000
  1.4958962e+000
  1.4719999e+000
  1.9561651e+000
  1.3364438e+000
  1.5578787e+000
  8.5459932e-001
  1.3090561e+000
  1.3718511e+000
  9.8487089e-001
  2.0942027e+000
  1.9663973e+000
  1.4737574e+000
  2.1045993e+000
  2.5797702e+000
  1.6052279e+000
  5.8988686e-001
