  3.6491000e+000
  2.3667360e+000
  2.2382720e+000
  2.3690600e+000
  3.8759480e+000
  8.0937760e+000
  9.4045440e+000
  1.4104464e+001
  2.0743004e+001
  2.0904056e+001
  1.5636372e+001
  1.7185691e+001
  1.4070333e+001
  1.5409466e+001
  1.3132991e+001
  6.9828547e+000
  7.9484829e+000
  1.3474748e+001
  8.1039145e+000
  1.5650645e+001
  2.2276433e+001
  2.1372910e+001
  2.0536231e+001
  1.6869960e+001
  1.7007126e+001
  1.7491503e+001
  9.3358159e+000
  2.6537005e+000
  3.6296667e+000
  3.8497463e+000
  1.2693299e+001
  2.0912935e+001
  5.4873015e+000
  4.0075649e+000
  8.3622099e+000
  1.1143573e+001
  1.1348782e+001
  6.1367786e+000
  1.4000736e+001
  1.0212485e+001
  5.2004185e+000
  7.8492159e+000
  9.7292511e+000
  3.3425242e+000
  2.8527040e+000
  3.6004626e+000
  4.5687401e+000
  3.4914581e+000
  3.1654159e+000
  5.5605727e+000
