  1.7568123e+000
  7.2959583e-001
  3.8878694e-001
  6.4862265e-001
  2.2310737e+000
  1.5008325e+000
  9.6503143e-001
  5.6142713e+000
  1.7263639e+000
  2.0199872e+000
  5.7341154e+000
  8.3651307e+000
  7.8198917e+000
  3.9362142e+000
  1.4438704e+000
  4.4696184e+000
  5.6797452e+000
  7.9827797e+000
  5.1256646e+000
  6.2150006e+000
  2.7813234e+000
  2.5164687e+000
  3.7526815e+000
  1.7652155e+000
  2.6784253e+000
  3.3197642e+000
  6.4553217e+000
  2.7004277e+000
  9.4820723e-001
  1.4747843e+000
  8.4058088e+000
  3.7613533e+000
  2.5785311e+000
  7.9231338e-001
  3.8085149e+000
  2.9182371e+000
  2.8709705e+000
  6.6616404e+000
  4.5224920e+000
  3.3506520e+000
  4.0472210e+000
  1.5226466e+000
  5.1833580e+000
  2.8064771e+000
  2.8203924e+000
  2.9067244e+000
  1.5087951e+000
  1.1985195e+000
  2.5560273e+000
  8.4862792e-001
