  7.4837950e+000
  7.2363515e+000
  6.2742469e+000
  5.5752469e+000
  3.2744226e+000
  3.2764854e+000
  3.2854561e+000
  3.9804268e+000
  4.4873598e+000
  5.4434351e+000
  5.6284292e+000
  5.5547301e+000
  6.2463009e+000
  5.5585354e+000
  6.1055044e+000
  6.0509115e+000
  6.6435354e+000
  5.6206239e+000
  4.4508009e+000
  4.4340841e+000
  4.1997383e+000
  4.3037804e+000
  3.9724953e+000
  6.6560870e+000
  1.2993363e+001
  1.0540502e+001
  7.8904348e+000
  8.6361043e+000
  8.8121542e+000
  6.9912710e+000
  7.4004978e+000
  7.1642707e+000
  7.3133013e+000
  7.4298908e+000
  6.7412052e+000
  6.6229170e+000
  6.6603712e+000
  6.2026288e+000
  8.6714017e+000
  1.3422934e+001
  1.0309584e+001
  9.2577082e+000
  7.3832011e+000
  4.7325581e+000
  4.4481042e+000
  6.0626147e+000
  1.0602510e+001
  1.8730511e+001
  2.1853954e+001
  2.1373550e+001
