  2.5371796e-001
  7.1388974e-001
  1.3822986e+000
  1.6532521e+000
  2.0567567e-001
  2.1404588e+000
  7.2555909e-001
  1.2484777e+000
  1.1606833e+000
  8.7055994e-001
  1.3214644e+000
  1.3540662e+000
  1.0209883e+000
  7.3434339e-001
  1.0737469e+000
  1.4926843e+000
  1.6322780e+000
  2.1434643e+000
  1.4771738e+000
  1.4866158e+000
  1.5847143e+000
  4.3466149e-001
  9.4820500e-002
  2.8772273e+000
  6.5273325e+000
  3.1515233e+000
  4.6721908e+000
  2.0821326e+000
  3.0191654e+000
  2.2783205e+000
  1.8857852e+000
  1.4315932e+000
  1.5338780e+000
  2.2680006e+000
  1.8006298e+000
  7.4201008e-001
  9.1137523e-001
  5.6620514e-001
  7.0135885e+000
  8.9986278e+000
  8.7328319e+000
  8.2230492e+000
  7.4199096e+000
  4.1652513e+000
  4.1642434e+000
  6.2602251e+000
  8.6746096e+000
  3.3928552e+000
  2.1392521e+000
  2.4675563e+000
