  3.8509375e+000
  4.9821289e+000
  5.3779180e+000
  8.4309805e+000
  8.1390859e+000
  1.0201285e+001
  6.1844648e+000
  8.4925430e+000
  1.0792617e+001
  1.0022613e+001
  1.2180893e+001
  1.8755049e+001
  1.9195679e+000
  4.4412881e+000
  4.8490329e+000
  5.0905720e+000
  5.8738971e+000
  5.0614321e+000
  6.7566008e+000
  7.6239506e+000
  7.5102944e+000
  7.2922165e+000
  6.1960563e+000
  5.5779394e+000
  9.9697749e+000
  9.5410736e+000
  1.1148966e+001
  1.0135637e+001
  7.2339870e+000
  6.5766667e+000
  6.6111970e+000
  5.5033146e+000
  6.2476432e+000
  6.8441362e+000
  5.8495399e+000
  5.3804507e+000
  9.4726761e+000
  1.0188113e+001
  9.3497700e+000
  9.0001080e+000
  9.4431733e+000
  8.2787525e+000
  7.1444307e+000
  8.5982228e+000
  9.1101188e+000
  1.0863312e+001
  1.7072279e+001
  1.0182683e+001
  5.5001980e+000
  3.7632366e+000
