  2.6188773e+000
  8.8364852e-001
  2.3059038e+000
  1.8224431e+000
  3.4538846e+000
  3.5003973e+000
  9.8457427e-001
  3.4474488e+000
  1.9350512e+000
  1.6152968e+000
  4.3310666e+000
  3.9970755e+000
  3.3426438e+000
  4.4078121e+000
  6.5181794e-001
  8.3171106e-001
  1.4881972e+000
  8.9135824e-001
  1.8492603e+000
  3.2091311e+000
  3.1078462e+000
  1.6911187e+000
  1.3733209e+000
  1.2728293e+000
  2.7614856e+000
  9.8048068e-001
  2.0114156e+000
  1.7003714e-001
  2.1487626e+000
  4.6480340e-001
  7.9671136e-001
  1.0930452e+000
  8.3480097e-001
  1.1390934e+000
  1.0184301e+000
  1.5426710e+000
  2.3369446e+000
  1.0180827e+000
  9.4850025e-001
  1.8087083e+000
  1.4941266e+000
  2.2439934e+000
  2.7051005e+000
  2.6738760e+000
  1.2807333e+000
  3.8352760e+000
  5.2709929e+000
  1.6173740e+000
  2.4572864e+000
  6.5401295e-001
