  6.9565654e+000
  3.1399538e+000
  3.7995269e+000
  6.5224731e+000
  9.7844346e+000
  6.5218654e+000
  7.6503423e+000
  7.1653923e+000
  8.2782385e+000
  6.5658154e+000
  5.0199050e+000
  4.6744615e+000
  4.5355882e+000
  3.3320000e+000
  2.8985249e+000
  7.4317964e+000
  1.3387163e+001
  1.3288063e+001
  1.3471991e+001
  1.4094552e+001
  1.4094833e+001
  1.5877898e+001
  4.4525509e+000
  3.6023611e+000
  4.2735139e+000
  5.1535185e+000
  5.6127963e+000
  6.3741481e+000
  6.7985880e+000
  6.0141759e+000
  6.4098727e+000
  6.4391636e+000
  1.2897609e+001
  6.3814273e+000
  5.0786789e+000
  4.2567045e+000
  4.1902818e+000
  3.9280545e+000
  4.0818545e+000
  4.6045727e+000
  4.6229388e+000
  4.6064966e+000
  4.4428639e+000
  5.2227415e+000
  5.3611565e+000
  6.7006395e+000
  7.3715850e+000
  7.0059388e+000
  6.7034830e+000
  5.5338571e+000
