  2.5002943e+000
  1.4393248e+000
  2.0193257e+000
  1.3531152e+000
  5.5111805e+000
  1.7038112e+000
  2.7542163e+000
  3.4283885e+000
  3.2860496e+000
  3.0467221e+000
  1.6071795e+000
  1.2709788e+000
  1.5005578e+000
  4.6825196e-001
  1.0941832e-001
  5.0483294e+000
  8.6685834e-001
  4.6103221e-001
  5.4479885e-001
  2.2071496e+000
  6.1858633e+000
  7.1900506e+000
  2.8516384e+000
  7.0104604e-001
  4.5825169e-001
  1.0835530e+000
  1.7594804e+000
  1.7493005e+000
  1.4759939e+000
  1.8366224e+000
  1.8250005e+000
  1.3721628e+000
  7.8677313e+000
  3.3793015e+000
  1.4627355e+000
  2.2405291e+000
  2.0008026e+000
  2.0103699e+000
  1.7528582e+000
  1.3378657e+000
  7.8399726e-001
  7.8090306e-001
  5.9286862e-001
  1.6530292e+000
  1.5614164e+000
  2.1964933e+000
  1.6785220e+000
  1.2531950e+000
  1.5345878e+000
  1.9624453e+000
