  3.8682798e+000
  4.4360370e+000
  4.1057078e+000
  4.9588683e+000
  3.7006708e+000
  5.3149959e+000
  6.3325720e+000
  7.8549588e+000
  1.0650403e+001
  9.9947737e+000
  6.7135000e+000
  1.0372909e+001
  9.2715182e+000
  6.2373364e+000
  5.9629500e+000
  4.6339227e+000
  7.9019182e+000
  4.8905091e+000
  3.5146091e+000
  3.1442409e+000
  4.5563318e+000
  8.8583790e+000
  8.6086081e+000
  7.3550909e+000
  0.0000000e+000
  0.0000000e+000
  2.1692154e+001
  1.2478881e+001
  1.6144388e+001
  5.3739390e+000
  1.2739346e+001
  1.1148851e+001
  5.9834440e+000
  3.4540474e+000
  4.8570517e+000
  3.9686422e+000
  4.7697414e+000
  5.7801509e+000
  5.9813879e+000
  6.6390302e+000
  7.0072087e+000
  6.3647992e+000
  5.0365079e+000
  5.3823071e+000
  4.4395748e+000
  5.8660236e+000
  6.2548268e+000
  5.2468740e+000
  4.6366063e+000
  3.1022756e+000
