  1.2821268e+000
  1.9495060e+000
  1.2481672e+000
  2.0366816e+000
  7.7053361e-001
  1.4212678e+000
  1.1641378e+000
  2.1276627e+000
  3.8347810e+000
  3.3253265e+000
  1.3612277e+000
  4.5174064e+000
  2.1088671e+000
  1.9327287e+000
  1.7280890e+000
  2.2926492e+000
  1.5564015e+000
  2.4730929e+000
  6.4385989e-001
  7.1199479e-001
  2.4159580e+000
  1.4684400e+000
  2.0060657e+000
  1.1133282e+000
  0.0000000e+000
  0.0000000e+000
  2.3601760e-001
  9.4327762e+000
  8.5233658e+000
  7.0870312e-002
  5.0851393e+000
  5.1719497e+000
  4.3973092e+000
  9.2701661e-001
  1.2058085e+000
  4.1311835e-001
  1.7686831e+000
  1.8843030e+000
  1.4755555e+000
  1.4315629e+000
  9.6028665e-001
  1.3470478e+000
  8.1096739e-001
  1.4302750e+000
  1.9508588e+000
  2.0414838e+000
  8.2213025e-001
  1.1806647e+000
  1.0975919e+000
  1.6814547e+000
