  9.0973906e+000
  9.3968706e+000
  5.8940391e+000
  4.9928516e+000
  4.9019388e+000
  3.9161700e+000
  3.6094194e+000
  2.0340194e+000
  2.3686502e+000
  4.6401327e+000
  5.7783770e+000
  2.0691306e+000
  0.0000000e+000
  0.0000000e+000
  0.0000000e+000
  2.0287125e+001
  1.3594744e+001
  1.5387065e+001
  6.8379968e+000
  3.6207524e+000
  3.8919375e+000
  5.6559922e+000
  1.2447383e+001
  4.0109160e+000
  9.8182562e+000
  6.4404453e+000
  3.2109180e+000
  7.6451016e+000
  2.1478555e+001
  1.7847266e+001
  1.1900262e+001
  1.1553400e+001
  9.5774048e+000
  8.8094904e+000
  1.1444769e+001
  1.3802881e+001
  2.0347929e+001
  1.9228238e+001
  1.6929262e+001
  1.1073190e+001
  1.0358112e+001
  1.1834837e+001
  4.8349023e+000
  1.1397740e+001
  3.7682512e+000
  1.8331721e+000
  4.4169256e+000
  3.7875907e+000
  3.0996744e+000
  3.1194233e+000
