  7.6012205e-001
  6.3805868e+000
  1.1949438e+000
  4.0962842e-001
  3.5302124e+000
  7.9688209e-001
  4.2537603e-001
  1.3509441e+000
  4.0133161e+000
  1.9917914e+000
  6.2169557e+000
  2.4339574e+000
  0.0000000e+000
  0.0000000e+000
  0.0000000e+000
  2.9315597e+000
  3.0297293e+000
  6.3031391e+000
  3.4300841e+000
  1.3876981e-001
  3.0750921e+000
  3.2620802e+000
  6.1475859e+000
  6.5450215e+000
  8.3735400e+000
  8.8211006e+000
  5.2449754e+000
  9.3443261e+000
  1.1205335e+000
  3.1409264e+000
  2.0937068e+000
  3.3426520e+000
  5.6646811e+000
  5.9697541e+000
  5.1851413e+000
  5.0963651e+000
  2.9290100e+000
  1.3356430e+000
  4.7342852e+000
  3.1222882e+000
  2.0946252e+000
  1.3587670e+000
  4.8141776e+000
  8.4422292e-001
  4.8322042e+000
  6.0569801e-001
  1.7045602e+000
  9.5230632e-001
  4.7801623e-001
  5.4518625e-001
