   3.8923335e+01
   3.8923340e+01
   3.8923344e+01
   3.8923349e+01
   3.8923353e+01
   3.8923358e+01
   3.8923362e+01
   3.8923367e+01
   3.8923371e+01
   3.8923376e+01
   3.8923380e+01
   3.8923385e+01
   3.8923389e+01
   3.8923394e+01
   3.8923398e+01
   3.8923403e+01
   3.8923407e+01
   3.8923412e+01
   3.8923416e+01
   3.8923421e+01
   3.8923425e+01
   3.8923430e+01
   3.8923435e+01
   3.8923439e+01
   3.8923444e+01
   3.8923448e+01
   3.8923453e+01
   3.8923457e+01
   3.8923462e+01
   3.8923466e+01
   3.8923471e+01
   3.8923475e+01
   3.8923480e+01
   3.8923484e+01
   3.8923489e+01
   3.8923493e+01
   3.8923498e+01
   3.8923502e+01
   3.8923507e+01
   3.8923511e+01
   3.8923516e+01
   3.8923520e+01
   3.8923525e+01
   3.8923529e+01
   3.8923534e+01
   3.8923539e+01
   3.8923543e+01
   3.8923548e+01
   3.8923552e+01
   3.8923557e+01
   3.8923561e+01
   3.8923566e+01
   3.8923570e+01
   3.8923575e+01
   3.8923579e+01
   3.8923584e+01
   3.8923588e+01
   3.8923593e+01
   3.8923597e+01
   3.8923602e+01
