  -7.7053406e+01
  -7.7053406e+01
  -7.7053406e+01
  -7.7053406e+01
  -7.7053406e+01
  -7.7053406e+01
  -7.7053406e+01
  -7.7053406e+01
  -7.7053406e+01
  -7.7053406e+01
  -7.7053406e+01
  -7.7053406e+01
  -7.7053406e+01
  -7.7053406e+01
  -7.7053406e+01
  -7.7053406e+01
  -7.7053406e+01
  -7.7053406e+01
  -7.7053406e+01
  -7.7053406e+01
  -7.7053406e+01
  -7.7053406e+01
  -7.7053406e+01
  -7.7053406e+01
  -7.7053406e+01
  -7.7053406e+01
  -7.7053406e+01
  -7.7053406e+01
  -7.7053406e+01
  -7.7053406e+01
  -7.7053406e+01
  -7.7053406e+01
  -7.7053406e+01
  -7.7053406e+01
  -7.7053406e+01
  -7.7053406e+01
  -7.7053406e+01
  -7.7053406e+01
  -7.7053406e+01
  -7.7053406e+01
  -7.7053406e+01
  -7.7053406e+01
  -7.7053406e+01
  -7.7053406e+01
  -7.7053406e+01
  -7.7053406e+01
  -7.7053406e+01
  -7.7053406e+01
  -7.7053406e+01
  -7.7053406e+01
  -7.7053406e+01
  -7.7053406e+01
  -7.7053406e+01
  -7.7053406e+01
  -7.7053406e+01
  -7.7053406e+01
  -7.7053406e+01
  -7.7053406e+01
  -7.7053406e+01
  -7.7053406e+01
