   2.8257442e+00
   2.8226512e+00
   2.6693953e+00
   2.8011395e+00
   3.9490000e+00
   4.3989535e+00
   4.4311395e+00
   4.4233721e+00
   4.4044651e+00
   4.3866977e+00
   3.7418468e+00
   3.6747207e+00
   4.2121081e+00
   4.4117027e+00
   4.4042883e+00
   3.6985766e+00
   2.8182252e+00
   4.3141982e+00
   4.4201441e+00
   4.3581261e+00
   3.7431220e+00
   3.6741585e+00
   3.9183902e+00
   4.4146707e+00
   4.4057439e+00
   4.2503537e+00
   3.4491829e+00
   3.2704268e+00
   4.3891951e+00
   4.4041585e+00
   4.3721579e+00
   4.3418947e+00
   4.3608947e+00
   4.4032632e+00
   4.2967368e+00
   4.2719474e+00
   4.2176316e+00
   3.9134737e+00
   3.6757368e+00
   3.6636842e+00
   0.0000000e+00
   0.0000000e+00
   0.0000000e+00
   0.0000000e+00
   0.0000000e+00
   0.0000000e+00
   0.0000000e+00
   0.0000000e+00
   0.0000000e+00
   0.0000000e+00
   0.0000000e+00
   0.0000000e+00
   0.0000000e+00
   0.0000000e+00
   0.0000000e+00
   0.0000000e+00
   0.0000000e+00
   0.0000000e+00
   0.0000000e+00
   0.0000000e+00
