   8.5325732e-02
   7.1553138e-02
   1.4253106e-01
   3.1710052e-01
   7.2113848e-01
   3.3206392e-02
   3.9124089e-02
   1.1608747e-02
   3.8018385e-02
   4.5409531e-02
   1.1349435e-01
   3.0227071e-02
   3.0942758e-01
   3.3352005e-02
   3.1620588e-02
   7.5479214e-01
   1.6696645e-01
   3.2706176e-01
   3.0774502e-02
   7.2993788e-02
   1.3973709e-01
   3.5474376e-02
   3.0881537e-01
   2.8799458e-02
   3.3482559e-02
   4.3122228e-01
   6.8255092e-01
   6.9367422e-01
   4.9193355e-02
   3.7548477e-02
   4.5978574e-02
   3.0468371e-02
   3.5432086e-02
   4.1079654e-02
   3.8666440e-02
   4.7913665e-02
   4.3232203e-02
   2.1749262e-01
   3.5611861e-02
   2.3055615e-02
   0.0000000e+00
   0.0000000e+00
   0.0000000e+00
   0.0000000e+00
   0.0000000e+00
   0.0000000e+00
   0.0000000e+00
   0.0000000e+00
   0.0000000e+00
   0.0000000e+00
   0.0000000e+00
   0.0000000e+00
   0.0000000e+00
   0.0000000e+00
   0.0000000e+00
   0.0000000e+00
   0.0000000e+00
   0.0000000e+00
   0.0000000e+00
   0.0000000e+00
