  4.1674094e+000
  8.5715236e+000
  4.3501614e+000
  3.8069173e+000
  6.3701969e+000
  2.2698268e+001
  2.2952791e+001
  1.8868000e+001
  1.7476020e+001
  2.0461476e+001
  1.0492315e+001
  1.5593523e+001
  2.0900964e+001
  2.4283545e+001
  1.3789424e+001
  6.2165851e+000
  8.2447107e+000
  7.8289000e+000
  6.8231446e+000
  7.7834132e+000
  8.3012000e+000
  7.9835385e+000
  7.9818410e+000
  7.4212462e+000
  7.5478051e+000
  9.0343282e+000
  6.2482256e+000
  6.7733795e+000
  5.0623128e+000
  4.9598872e+000
  5.0208832e+000
  5.4922850e+000
  5.2122617e+000
  4.1588037e+000
  3.8230234e+000
  3.4406355e+000
  1.6550549e+001
  1.5834145e+001
  1.2679192e+001
  1.3541238e+001
  1.5448087e+001
  7.9778294e+000
  8.0255079e+000
  7.7836944e+000
  7.6690516e+000
  6.9301627e+000
  7.5774325e+000
  6.5703135e+000
  6.8084921e+000
  5.9315516e+000
