  8.2090231e-001
  7.8709702e+000
  1.0068075e+000
  4.7138617e-001
  6.1444899e+000
  1.4621118e+000
  2.2134032e+000
  6.8318636e+000
  7.1296737e+000
  5.5074910e+000
  6.8848616e+000
  9.4207896e+000
  4.5472758e+000
  1.8869136e+000
  7.2594151e+000
  5.8752173e+000
  6.2437409e+000
  4.9491018e+000
  9.0933740e-001
  1.5545472e+000
  1.6615254e+000
  2.2205079e+000
  2.0343215e+000
  1.9444657e+000
  1.6616371e+000
  1.5234558e+000
  2.0318626e+000
  1.0546637e+000
  1.2073153e+000
  8.3497013e-001
  1.6817952e+000
  1.5413382e+000
  1.3700292e+000
  1.2552537e+000
  1.4289252e+000
  3.7321351e+000
  4.3797741e+000
  4.5408253e+000
  4.4117135e+000
  3.9650817e+000
  2.2681310e+000
  2.2643319e+000
  1.4141367e+000
  3.0366949e+000
  1.9862949e+000
  1.8806097e+000
  1.5766289e+000
  1.3895176e+000
  1.8783683e+000
  1.9326008e+000
