   7.9597591e+00
   2.6708201e+00
   3.1896766e+00
   3.9175686e+00
   2.1315310e+00
   3.3323597e-01
   3.3661692e-01
   3.1283884e+00
   4.8646683e+00
   6.5643858e+00
   9.7176412e+00
   6.8882928e+00
   3.7859814e+00
   8.2075258e-01
   2.8647897e+00
   4.9374474e+00
   4.6241753e+00
   9.3838660e+00
   8.1443222e+00
   1.5646536e+00
   1.6610805e+00
   6.2920205e-01
   6.7257569e+00
   8.0886722e+00
   5.2269555e+00
   4.3964469e+00
   1.6020651e+00
   8.1562110e+00
   1.4663314e+01
   9.6427860e+00
