   4.1259280e+00
   2.6387664e+00
   3.0658928e+00
   2.4732033e+00
   3.6573478e+00
   5.0831108e-01
   5.8431733e-01
   1.7490109e+00
   2.7043458e+00
   4.1219241e+00
   2.8079229e+00
   1.3009255e+00
   1.9673245e+00
   3.4675172e-01
   2.2428004e+00
   1.1454360e+00
   1.0662676e+00
   3.8757855e+00
   4.0249893e+00
   1.3213220e+00
   2.3310494e+00
   1.1897502e+00
   6.7580888e+00
   2.0266461e+00
   2.0134491e+00
   5.7372857e-01
   1.2824993e+00
   3.8460885e+00
   1.6130827e+00
   5.1488002e+00
