  6.7827895e+000
  5.1927273e+000
  6.5613923e+000
  6.2178995e+000
  7.2101053e+000
  6.6979665e+000
  6.6327656e+000
  5.9354067e+000
  4.9011627e+000
  6.4295837e+000
  6.5608750e+000
  7.4879861e+000
  6.3215278e+000
  5.5769491e+000
  4.2148426e+000
  4.6058241e+000
  6.1763611e+000
  8.8192315e+000
  7.5008194e+000
  7.9974537e+000
  8.5298472e+000
  6.9052882e+000
  5.3171834e+000
  6.1029345e+000
  5.4231572e+000
  4.0168297e+000
  2.3169607e+000
  6.1658079e+000
  1.0990668e+001
  1.4618127e+001
  1.3869554e+001
  1.3962424e+001
  1.3941496e+001
  2.0597140e+001
  7.2156457e+000
  6.2021532e+000
  6.3087723e+000
  4.5641875e+000
  5.8205982e+000
  4.7715893e+000
  4.3100864e+000
  6.6945062e+000
  6.0916337e+000
  6.2596708e+000
  6.8595350e+000
  4.1020823e+000
  5.4798848e+000
  6.5331811e+000
  4.1878066e+000
  6.9260782e+000
