  2.5605523e+000
  1.9851445e+000
  2.0254657e+000
  1.0794690e+000
  1.2106112e+000
  1.2720985e+000
  2.1253966e+000
  1.7774384e+000
  2.8042007e+000
  1.3493432e+000
  2.2982272e+000
  3.8439209e-001
  8.1927741e-001
  7.3705038e-001
  9.9433082e-001
  6.3231606e-001
  2.8944422e+000
  3.3240180e+000
  1.2417475e+000
  1.2705945e+000
  1.5512368e+000
  1.7950687e+000
  2.0836624e+000
  2.3570891e+000
  1.5948178e+000
  1.6069933e+000
  5.8386260e-001
  1.7521337e+000
  3.6854731e+000
  2.9531100e+000
  2.7490153e-001
  3.9566381e-001
  6.1868063e-001
  5.2318760e+000
  5.5036344e+000
  4.6432981e+000
  2.3240703e+000
  1.0910824e+000
  3.4712376e+000
  2.4712207e+000
  1.0776216e+000
  3.9863562e+000
  1.4974095e+000
  1.1859492e+000
  1.4928638e+000
  1.8894730e+000
  1.2965225e+000
  7.6843728e-001
  1.5313660e+000
  1.4431833e+000
