  4.7874713e+000
  5.6612083e-001
  8.1535738e+000
  8.8185984e+000
  4.9817172e+000
  4.7929012e+000
  5.6184016e+000
  7.7305246e+000
  1.3162508e+001
  1.4476971e+001
  1.4015446e+001
  7.2195776e+000
  3.7218836e+000
  9.5257759e+000
  1.9875690e+001
  1.9861772e+001
  1.8539353e+001
  1.8923759e+001
  1.8641681e+001
  2.2914502e+001
  1.8722075e+001
  1.1459623e+001
  1.1526668e+001
  6.2640101e+000
  9.8383266e+000
  1.0114402e+001
  7.1464082e+000
  1.7707470e+001
  1.6987794e+001
  1.5256709e+001
  5.8236667e+000
  7.4882060e+000
  6.5683034e+000
  9.8192683e-001
  4.4440337e+000
  4.9325880e+000
  6.1028277e+000
  7.5753396e+000
  6.2945476e+000
  1.4117929e+001
  1.9331201e+001
  1.3335544e+001
  1.3957190e+000
  2.5619899e+001
  1.9637940e+001
  2.1611176e+001
  2.8087897e+001
  6.7403089e+000
  1.3733657e+001
  1.4055845e+001
