  1.6049893e+000
  1.0485844e+000
  3.0866837e+000
  1.1593266e+000
  2.7915145e+000
  3.4869968e+000
  4.1393099e+000
  1.2678819e+000
  5.4800709e+000
  7.5323231e+000
  8.1318440e+000
  7.1572059e+000
  3.6929433e+000
  8.3120072e+000
  1.2240498e+000
  1.3142844e+000
  2.3318129e+000
  3.8364138e+000
  4.6630265e+000
  1.5348843e+000
  3.2768453e+000
  4.7377805e+000
  8.3722338e+000
  6.6070760e+000
  6.9413253e+000
  7.3807148e+000
  7.8056820e+000
  7.9975055e+000
  3.7873010e+000
  4.2676629e+000
  5.3784286e+000
  7.5284442e+000
  7.7797600e-001
  1.9647240e+000
  1.9557228e+000
  8.8450516e-001
  1.9267809e+000
  5.3796775e+000
  5.2835326e+000
  3.9409300e+000
  1.1703500e+000
  8.9669044e+000
  1.7789700e-001
  2.2814180e+000
  7.2999033e+000
  2.5288727e+000
  4.7662425e-001
  8.2386391e+000
  1.0082842e+001
  8.0994410e-001
