  2.8780213e+000
  2.6553085e+000
  3.0068404e+000
  3.0070691e+000
  2.4269149e+000
  2.8482500e+000
  6.1786117e+000
  1.1439638e+001
  3.3991915e+000
  8.3023404e-001
  1.6630196e+000
  1.7235385e+001
  1.3873149e+001
  1.9528125e-001
  1.3855809e+001
  1.5479467e+001
  1.8874463e+001
  1.4335319e+001
  1.3094344e+001
  1.2301462e+001
  1.3678743e+001
  2.1310867e+001
  2.0192453e+001
  2.2173616e+001
  2.2210691e+001
  2.2130362e+001
  2.1767647e+001
  2.0748679e+001
  2.1884357e+001
  1.3056509e+001
  8.8705738e+000
  1.2953899e+001
  2.2970361e+001
  2.3151321e+001
  1.1607776e+001
  5.1931191e+000
  1.2272257e+001
  2.2589473e+001
  8.0198903e+000
  5.6463080e+000
  5.2766667e+000
  4.7303952e+000
  8.3674714e+000
  3.3367238e+000
  3.4758238e+000
  3.0887095e+000
  2.8284476e+000
  1.6915286e+000
  3.2992762e+000
  3.7625190e+000
