  4.3140393e-001
  2.9093023e-001
  1.5625907e+000
  1.3870880e+000
  7.6663494e-001
  1.6083197e+000
  4.6414124e+000
  1.0097652e+000
  5.0429569e+000
  8.5597192e-001
  5.4486133e-001
  6.2862580e+000
  7.7382357e+000
  6.6085914e-002
  1.0193731e+001
  5.4420184e+000
  4.7439519e+000
  4.3952146e+000
  3.7711751e+000
  5.3292539e+000
  4.9623634e+000
  4.1875956e+000
  5.1982557e+000
  1.6568877e+000
  1.8095514e+000
  1.7146348e+000
  1.3305461e+000
  1.6551391e+000
  2.2836122e+000
  6.1244585e+000
  1.1542122e-001
  4.9633782e+000
  2.2653251e+000
  1.1562418e+000
  1.0854232e+001
  8.2626211e+000
  1.0565368e+001
  1.3739834e+000
  6.1551522e+000
  2.3507853e+000
  1.2607671e+000
  1.1031200e-001
  7.6422456e+000
  1.0247624e+000
  2.4586692e+000
  7.0169162e-001
  1.7362926e+000
  1.1677477e+000
  1.5227443e+000
  7.2730969e-001
