  3.2662656e+000
  4.7251701e+000
  4.9248589e+000
  6.6322656e+000
  6.9937095e+000
  6.2183610e+000
  7.8152075e+000
  5.9625145e+000
  6.6586349e+000
  8.3063983e+000
  9.3694930e+000
  9.9700651e+000
  9.4229488e+000
  9.2159953e+000
  7.9840372e+000
  8.8002093e+000
  7.5827349e+000
  8.1394698e+000
  5.3863395e+000
  4.8876047e+000
  7.2236651e+000
  6.6208160e+000
  5.1298160e+000
  6.1735377e+000
  3.4750896e+000
  5.1014104e+000
  5.0972972e+000
  4.8163066e+000
  5.2398160e+000
  5.9935566e+000
  5.3978557e+000
  5.0920647e+000
  4.6701542e+000
  4.2696517e+000
  4.7923035e+000
  5.2145721e+000
  4.8903582e+000
  5.5440746e+000
  3.9476070e+000
  6.3024080e+000
  3.5992427e+000
  2.6497136e+000
  3.5842816e+000
  6.3701165e+000
  4.0793786e+000
  2.7768835e+000
  3.4676553e+000
  6.4016262e+000
  5.5914854e+000
  7.0648981e+000
