  1.7215641e+000
  1.4811759e+000
  1.6818289e+000
  1.1289489e+000
  1.8138873e+000
  2.0567135e+000
  5.3502848e+000
  4.7531782e-001
  5.4708319e-001
  1.8162340e+000
  1.2446534e+000
  9.1686845e-001
  1.8193634e+000
  1.6194676e+000
  1.9105855e+000
  1.4861940e+000
  1.7766698e+000
  2.2620670e+000
  1.0849385e+000
  7.8376474e-001
  2.1921691e+000
  1.7719467e+000
  1.9797791e+000
  4.3543392e+000
  2.9073672e+000
  4.1448164e+000
  2.9572037e+000
  1.1957217e+000
  1.8758646e+000
  2.6186001e+000
  1.5457397e+000
  1.3231242e+000
  7.4401077e-001
  7.2850919e-001
  6.4653622e-001
  5.7778508e-002
  6.2413681e-001
  1.9576034e+000
  1.7372870e+000
  1.1433710e+000
  1.5037129e+000
  7.3581816e-001
  1.2893564e+000
  3.8862588e+000
  3.9992040e+000
  1.8518753e+000
  1.6015306e+000
  3.2200639e+000
  2.4193630e+000
  1.5771472e+000
