  5.4324291e+000
  6.3687873e+000
  1.6021631e+001
  1.6324534e+001
  1.6414590e+001
  1.6876955e+001
  1.8566929e+001
  1.3819769e+001
  9.4593134e+000
  3.7821756e+000
  3.7942989e+000
  1.9760681e+000
  7.3680727e+000
  1.4476741e+001
  1.3329111e+001
  8.5245314e+000
  6.4364520e+000
  9.8407473e+000
  6.2784591e+000
  1.5679004e+000
  2.9356900e+000
  3.7506987e+000
  1.4623969e+001
  1.6362712e+001
  1.6060297e+001
  1.9745061e+001
  2.1658475e+001
  2.2770297e+001
  9.9018756e+000
  5.5015371e+000
  1.2941620e+000
  2.4584762e+000
  1.8730532e+001
  1.6659456e+001
  4.8162524e+000
  3.4667446e+000
  3.4363247e+000
  2.7285065e+000
  1.2470048e+001
  9.4817576e+000
  8.9744069e+000
  1.2192926e+001
  1.8809338e+001
  2.0620017e+001
  2.0634892e+001
  1.8820805e+001
  1.9936338e+001
  1.4383863e+001
  1.2461130e+001
  1.4456303e+001
