  7.6696431e+000
  7.9398139e+000
  6.9691913e-001
  9.8740396e-001
  1.4142844e+000
  1.5365486e+000
  1.5721017e+000
  4.4947095e+000
  1.9470049e+000
  3.9075634e+000
  3.7563214e+000
  3.5466004e+000
  3.8969440e+000
  8.6084855e+000
  4.8067302e+000
  5.0744190e+000
  6.5011171e+000
  8.4756497e+000
  3.4594553e+000
  7.4030947e-001
  2.0097102e+000
  2.4490048e+000
  4.2592917e+000
  1.9714479e+000
  4.6277690e+000
  3.2840560e+000
  2.0554194e+000
  1.1075671e+000
  1.0544750e+001
  9.5632805e+000
  4.3455573e+000
  6.0149398e+000
  6.6959166e+000
  1.0121800e+001
  7.9537885e+000
  2.0926240e+000
  1.7420999e+000
  8.5405240e-001
  3.5536161e+000
  9.4560251e+000
  5.2630505e+000
  6.6722205e+000
  8.0603258e+000
  2.0837558e+000
  1.3605086e+000
  1.5168791e+000
  5.1526172e+000
  3.5672232e+000
  1.0846825e+000
  3.4869962e+000
