  7.0173400e+000
  9.2980000e+000
  5.7841560e+000
  4.0882160e+000
  3.7543440e+000
  3.4849760e+000
  4.2788699e+000
  3.4776000e+000
  2.5608400e+000
  3.4688320e+000
  4.4449579e+000
  5.1096682e+000
  4.7333738e+000
  4.6500234e+000
  4.0575374e+000
  2.2682710e+000
  3.5261822e+000
  3.2788692e+000
  3.9560701e+000
  7.9394462e+000
  8.8546667e+000
  4.3464933e+000
  3.9694036e+000
  4.1013229e+000
  4.8685874e+000
  3.6543453e+000
  4.9479462e+000
  9.6075157e+000
  1.1147592e+001
  1.3337072e+001
  1.3650405e+001
  4.1053575e+000
  6.7110407e+000
  7.1707195e+000
  6.7739729e+000
  8.0426561e+000
  7.1372986e+000
  6.6771810e+000
  3.8626833e+000
  4.8777557e+000
  6.6716695e+000
  7.6406524e+000
  7.0697897e+000
  9.2707897e+000
  5.9159142e+000
  6.9684721e+000
  7.3325708e+000
  6.2643433e+000
  5.8453433e+000
  4.6158712e+000
