  2.6195825e+000
  7.3319299e+000
  5.9827667e+000
  1.3003468e+000
  9.7878690e-001
  5.8087537e-001
  1.4138080e+000
  7.7359163e-001
  5.7972102e-001
  8.2760005e-001
  1.2420356e+000
  1.8064329e+000
  1.7267313e+000
  1.4891767e+000
  1.5714264e+000
  1.0920465e+000
  5.0583575e-001
  5.0607049e-001
  6.5510180e-001
  7.6051967e+000
  4.1735505e+000
  1.8655138e+000
  1.3852126e+000
  1.4272368e+000
  1.6371814e+000
  1.7613352e+000
  3.2887320e+000
  2.2541524e+000
  2.9577695e+000
  5.2419215e+000
  7.4260174e+000
  1.2744341e-001
  1.6913776e+000
  8.8529243e-001
  1.4943355e+000
  1.6654830e+000
  8.0721189e-001
  1.5197676e+000
  1.7480798e+000
  2.5905510e+000
  2.1451767e+000
  1.2811289e+000
  1.8722533e+000
  2.0322432e+000
  2.2584772e+000
  2.1428414e+000
  1.6639163e+000
  1.1073959e+000
  2.0958955e+000
  4.6578855e-001
