  6.1112016e+000
  5.9496719e+000
  5.7170000e+000
  5.5700158e+000
  1.5116123e+001
  2.3437407e+001
  2.1629863e+001
  2.1759584e+001
  2.2945067e+001
  1.0242980e+001
  1.3551643e+001
  1.1120769e+001
  7.7795210e+000
  6.2977731e+000
  6.3508571e+000
  7.7340588e+000
  1.0378582e+001
  8.7809569e+000
  8.7623109e+000
  8.8076513e+000
  7.2965359e+000
  5.0784976e+000
  4.6066507e+000
  4.3834928e+000
  4.5879761e+000
  5.4289091e+000
  6.8284928e+000
  6.4421244e+000
  5.4072344e+000
  4.3961770e+000
  3.5902896e+000
  3.6068744e+000
  9.2364208e+000
  2.4337964e+000
  3.7898281e+000
  4.1854163e+000
  4.3607964e+000
  4.0593665e+000
  3.5087557e+000
  3.3076606e+000
  5.1464914e+000
  5.3193793e+000
  5.2251552e+000
  4.5841552e+000
  4.7824052e+000
  7.4560216e+000
  7.0323233e+000
  7.2925862e+000
  6.8119181e+000
  5.3169569e+000
