  1.6090812e+000
  1.0117713e+000
  7.5353092e-001
  1.5245132e-001
  6.3332567e+000
  1.9683986e+000
  1.7050282e+000
  2.0065268e+000
  8.8017655e-001
  3.4093451e+000
  7.1944567e+000
  5.2533768e+000
  9.5738266e-001
  1.5019565e+000
  1.7010505e+000
  1.2411416e-001
  4.1669212e+000
  1.9132954e-001
  4.1003979e-001
  5.7661374e-001
  1.9333015e+000
  2.0688667e+000
  2.3393342e+000
  2.0259910e+000
  1.7673687e+000
  1.5435300e+000
  7.4361081e-001
  2.9233962e-001
  7.8080711e-001
  8.4386040e-001
  3.6397739e-001
  4.1542936e+000
  8.1689790e+000
  5.5954113e-001
  2.4646181e+000
  8.6825435e-001
  6.7602435e-001
  4.5046199e-001
  1.8306873e-001
  3.4045236e-001
  1.6972602e+000
  6.5528847e-001
  2.0705666e+000
  2.1531501e+000
  2.0739051e+000
  1.3576152e+000
  9.3628815e-001
  1.5043379e+000
  1.9158367e+000
  1.6347578e+000
