  1.9443879e+001
  2.5557074e+001
  1.2489218e+001
  1.5553674e+001
  2.3474068e+001
  2.2718070e+001
  1.1561734e+001
  9.3686091e+000
  1.9266954e+001
  4.5108579e+000
  4.5264032e+000
  4.2280791e+000
  4.8212490e+000
  1.1549043e+001
  6.7968814e+000
  6.1491621e+000
  7.3813123e+000
  6.8440870e+000
  8.5642411e+000
  8.5580514e+000
  8.4953665e+000
  8.2954525e+000
  1.0517932e+001
  1.0355109e+001
  6.5163318e+000
  7.5325873e+000
  6.2075928e+000
  4.5111991e+000
  4.9641267e+000
  5.5628643e+000
  5.5824780e+000
  7.0530585e+000
  8.0028000e+000
  7.5300829e+000
  5.8530732e+000
  5.4816049e+000
  5.2238293e+000
  3.9817024e+000
  5.3984732e+000
  5.3919902e+000
  4.7355367e+000
  3.6823349e+000
  3.9972890e+000
  3.2926101e+000
  8.7644083e+000
  5.0363440e+000
  5.8072294e+000
  6.7473349e+000
  7.6178853e+000
  7.0120734e+000
