  6.1942247e+000
  4.1187255e-001
  1.2771355e+001
  9.8608858e+000
  3.5787498e+000
  4.0135756e+000
  9.9986386e+000
  8.1918742e+000
  6.0251483e+000
  3.9813916e+000
  2.5904710e+000
  1.4002914e+000
  2.9145062e+000
  7.2485732e+000
  3.3010370e+000
  7.1446437e-001
  1.9840118e+000
  1.5305542e+000
  2.5838413e+000
  1.7261514e+000
  2.4703122e+000
  2.3363470e+000
  1.3746036e+000
  2.3640203e+000
  2.9625299e+000
  2.4716119e+000
  2.3428740e+000
  7.2544136e-001
  1.8261962e+000
  1.9317541e+000
  1.6134181e+000
  1.4920196e+000
  5.6946468e-001
  1.7124309e+000
  1.3243055e+000
  1.2620781e+000
  1.0362876e+000
  1.5911605e+000
  8.2615951e-001
  1.8167795e+000
  1.4266422e+000
  5.1254878e-001
  8.2445692e-001
  2.7365409e-001
  4.1976630e+000
  2.2495123e+000
  1.0066477e+000
  1.9295434e+000
  1.4295846e+000
  8.0491431e-001
