  1.3698352e+000
  1.9221744e+000
  2.9239847e+000
  2.8812912e+000
  3.4462355e+000
  4.6627778e+000
  6.7262031e+000
  1.3669837e+001
  7.0596284e+000
  3.6877625e+000
  6.4853868e+000
  4.1498571e+000
  9.0291993e+000
  3.9128681e+000
  4.5786431e+000
  2.4185590e+000
  1.7511638e+000
  2.7242801e+000
  2.0363563e+001
  1.7006895e+001
  1.2910177e+001
  1.1501613e+001
  9.4256513e+000
  7.2992305e+000
  1.3050922e+001
  1.4985198e+001
  8.6955391e+000
  8.6546049e+000
  7.1791646e+000
  5.6051625e+000
  3.3596566e+000
  4.8421805e+000
  4.5994068e+000
  7.0594737e+000
  9.1340456e+000
  1.1841751e+001
  7.1752069e+000
  1.5110359e+000
  3.2651292e+000
  1.3168233e+000
  2.0088433e+000
  2.7894332e+000
  9.0784747e+000
  1.1797673e+001
  7.1262719e+000
  1.6504009e+000
  3.0255069e+000
  2.6916175e+000
  3.1309263e+000
  3.0880461e+000
