  1.9711102e-001
  1.0361055e+000
  1.4069976e+000
  1.3138514e+000
  2.6805018e+000
  5.2341743e+000
  8.1055656e+000
  9.1811760e+000
  7.0984575e+000
  2.2692675e-001
  5.3727232e+000
  6.6682305e+000
  1.0638621e+001
  7.0056564e+000
  7.6322712e+000
  2.7120716e+000
  2.7341986e+000
  4.7816268e+000
  6.0888161e+000
  8.5214545e+000
  7.6239140e+000
  5.7964438e+000
  8.7343403e+000
  7.8889404e+000
  1.0069117e+001
  6.0833047e+000
  1.7456820e+000
  9.1235293e-001
  2.1843616e+000
  3.0591831e+000
  2.9814681e+000
  2.4787831e+000
  1.8263094e+000
  1.5226331e+000
  2.7034221e+000
  5.6105673e+000
  8.7666434e+000
  7.9500626e-001
  5.8529972e+000
  6.0378995e-001
  8.8192765e-001
  3.5928553e+000
  6.1524736e+000
  3.1832947e+000
  4.4848755e+000
  7.3946386e-001
  1.0100083e+000
  1.3588837e+000
  1.0362062e+000
  7.0097834e-001
