  2.1924639e+001
  2.2757611e+001
  1.6255240e+001
  1.5175828e+001
  4.4916417e+000
  2.5606059e+000
  3.8372085e+000
  7.7566938e+000
  4.9828567e+000
  4.2068111e+000
  6.1185565e+000
  6.7354913e+000
  6.5891261e+000
  6.9436913e+000
  6.1850174e+000
  7.0956957e+000
  7.8729391e+000
  7.2160000e+000
  8.9678435e+000
  8.6013870e+000
  9.5552054e+000
  1.1777204e+001
  1.0376535e+001
  8.8646498e+000
  1.0365242e+001
  9.5136591e+000
  6.3364606e+000
  6.2552969e+000
  4.7982840e+000
  5.0652963e+000
  6.1714950e+000
  6.6977000e+000
  5.2310900e+000
  5.8201150e+000
  7.4368150e+000
  5.8095850e+000
  6.7666500e+000
  6.9894450e+000
  5.9784400e+000
  6.8208950e+000
  5.8127967e+000
  5.4544390e+000
  5.2238049e+000
  4.6361789e+000
  6.1745935e+000
  1.2029033e+001
  7.4331301e+000
  7.7937276e+000
  7.5029065e+000
  8.0967114e+000
