  2.1799096e+000
  2.2273848e+000
  5.9106754e+000
  3.8787097e+000
  4.8450777e+000
  9.0765253e-001
  5.4097912e+000
  5.7131970e+000
  2.6598398e+000
  6.1181911e-001
  1.5962694e+000
  1.1150979e+000
  1.8419327e+000
  1.9517586e+000
  1.5945333e+000
  9.0861844e-001
  1.1369500e+000
  2.1363516e+000
  1.4766849e+000
  9.3544215e-001
  4.5504315e+000
  5.2376631e+000
  5.7381956e+000
  1.1913509e+000
  6.2442108e+000
  3.3195556e+000
  3.4582850e+000
  5.5118016e+000
  1.5490769e+000
  1.1036566e+000
  2.0629703e+000
  2.2800837e+000
  5.2903070e-001
  1.2823067e+000
  1.7902398e+000
  1.1161642e+000
  1.1064886e+000
  2.8784180e+000
  1.3519889e+000
  1.9368015e+000
  1.3293275e+000
  1.8158061e+000
  2.1807077e+000
  9.5501863e-001
  3.5824207e+000
  4.3006472e+000
  3.5254905e+000
  1.3671006e+000
  3.9513908e-001
  9.2065166e-001
