  7.7588393e-001
  5.0940599e+000
  2.2515668e+001
  1.1041795e+001
  2.7472232e+000
  3.6346920e+000
  6.0917634e+000
  1.0600531e+001
  1.1729482e+001
  5.9971250e+000
  1.7673913e+000
  1.5902957e+000
  3.2439739e+000
  1.3093437e+001
  2.1991252e+001
  2.0247943e+001
  1.7773496e+001
  1.2535974e+001
  1.5278030e+001
  7.0777043e+000
  7.6847458e+000
  8.6965424e+000
  8.3368559e+000
  1.0658750e+001
  1.2997992e+001
  8.6322661e+000
  1.4571415e+001
  1.7137750e+001
  1.2501314e+001
  6.8159534e+000
  9.0328455e+000
  7.4346585e+000
  1.1362890e+001
  2.4861667e+000
  8.9783374e+000
  8.9378293e+000
  6.3443537e+000
  3.2417073e+000
  2.5053568e+000
  1.2661451e+001
  5.0095892e+000
  3.5786141e+000
  5.3176888e+000
  5.3773942e+000
  7.2392075e+000
  2.0105871e+001
  1.6458340e+000
  9.1427917e-001
  2.3601120e+000
  1.1269751e+000
