  1.6330417e+000
  7.4359001e+000
  1.5474121e+000
  1.0520279e+001
  1.3069999e+000
  1.8667333e+000
  1.6377728e+000
  3.2311596e+000
  8.9404822e-001
  2.9950350e+000
  3.1404859e-001
  7.1165452e-001
  4.2943282e+000
  8.5585594e+000
  1.5970792e+000
  1.3405156e+000
  1.0039829e+000
  8.7108084e+000
  2.9605904e+000
  3.7672781e-001
  8.8505623e-001
  2.0074798e+000
  8.6262366e-001
  2.9192017e+000
  3.1547249e+000
  6.6714091e+000
  3.4246463e+000
  4.1783513e+000
  5.0053083e+000
  1.7891298e+000
  1.3480134e+000
  3.5735913e+000
  5.8025493e+000
  3.7277969e+000
  8.4828978e+000
  8.9658763e+000
  6.4880861e+000
  1.5164793e+000
  6.1606615e-001
  7.2632053e+000
  1.3715237e+000
  1.8522467e+000
  2.3034153e+000
  4.8170048e+000
  7.1623452e+000
  5.2249070e+000
  4.6548748e+000
  2.3456300e-001
  1.9201827e+000
  1.4128170e+000
