  3.0717561e+000
  2.1021202e+001
  1.6319140e+001
  2.0277292e+001
  8.3427928e+000
  1.6116343e+001
  2.1069355e+001
  1.9385143e+001
  1.8409673e+001
  1.8564845e+001
  1.7075840e+001
  1.8635479e+001
  8.7398677e+000
  2.4709027e+000
  5.2384903e+000
  1.4769638e+001
  1.6938175e+001
  1.7003401e+001
  1.8399198e+001
  1.9815558e+001
  1.7534945e+001
  5.1042890e+000
  2.5794823e+000
  5.5631903e+000
  7.8613053e+000
  1.0022321e+001
  8.3711232e+000
  3.9755473e+000
  2.4681858e+000
  5.5439513e+000
  6.4028378e+000
  3.7679735e+000
  3.5370929e+000
  4.1579115e+000
  3.6078850e+000
  2.4838186e+000
  2.9890487e+000
  3.3384292e+000
  3.4239381e+000
  3.7542965e+000
  5.3615667e+000
  6.0054875e+000
  6.5055333e+000
  6.9607125e+000
  1.0903861e+001
  1.4759625e+001
  1.5868910e+001
  2.4030860e+001
  1.4337126e+001
  2.3367389e+001
