  4.4543162e+000
  3.9999015e+000
  9.4932466e+000
  5.9215154e+000
  1.0418033e+001
  7.9796611e+000
  1.8110332e+000
  2.7544974e+000
  2.2630966e+000
  2.5349873e+000
  6.5999734e+000
  3.9731637e+000
  8.7229579e+000
  3.3841708e+000
  6.0575601e+000
  5.5357404e+000
  2.7139805e+000
  1.4635046e+000
  1.6273975e+000
  1.4717849e+000
  2.0538313e+000
  5.8157145e+000
  2.0560237e+000
  6.0032197e+000
  2.8385113e+000
  5.2001366e+000
  4.2950360e+000
  5.5408214e+000
  1.9747649e+000
  1.2566240e+000
  3.5893154e+000
  6.6960258e-001
  1.2798262e+000
  1.0438075e+000
  1.3760819e+000
  7.9034435e-001
  1.7262514e+000
  1.4120831e+000
  1.8095973e+000
  1.9303676e+000
  9.0698152e-001
  1.4182427e+000
  8.9738136e-001
  1.3088562e+000
  7.5972432e+000
  1.6907302e+000
  2.4689558e+000
  3.5632954e+000
  9.6926865e+000
  2.7673666e+000
