  3.4968341e+000
  1.4743013e+000
  4.4138515e+000
  6.7854760e+000
  7.7526638e+000
  6.5531790e+000
  5.8831528e+000
  6.9870437e+000
  4.9400873e+000
  4.0967336e+000
  4.0171187e+000
  4.9073744e+000
  6.7705890e+000
  6.6803379e+000
  7.8023927e+000
  6.7635205e+000
  5.1214795e+000
  4.7401872e+000
  5.5812557e+000
  4.4016804e+000
  4.3636781e+000
  3.9671888e+000
  3.8466781e+000
  5.6445966e+000
  4.8977725e+000
  4.3612618e+000
  4.1487339e+000
  4.9400687e+000
  5.3062232e+000
  5.2703906e+000
  5.8478645e+000
  4.6185935e+000
  5.4319252e+000
  7.2210841e+000
  5.8077804e+000
  3.8620467e+000
  6.0058131e+000
  6.4304579e+000
  6.9887196e+000
  5.0812430e+000
  2.6645738e+000
  4.5779831e+000
  8.4500042e+000
  1.3535245e+001
  6.4494557e+000
  9.1308270e+000
  4.7994852e+000
  5.3287131e+000
  8.1108776e+000
  5.6682869e+000
