  1.1506750e+000
  2.5514178e-001
  2.0006818e+000
  1.9815231e+000
  2.8785177e+000
  1.9424151e+000
  1.7451531e+000
  1.6854120e+000
  8.4850621e-001
  2.4816922e-001
  3.8596700e-001
  2.0658384e+000
  1.7965478e+000
  1.1808768e+000
  1.9559601e+000
  2.1923551e+000
  1.7475003e+000
  1.5822907e+000
  2.0850442e+000
  1.7636740e+000
  1.0699867e+000
  8.5291541e-001
  7.1346721e-001
  1.3281003e+000
  1.6084499e+000
  1.0829924e+000
  7.6543221e-001
  8.1165100e-001
  1.3492878e+000
  1.1068579e+000
  1.4555377e+000
  2.5472150e+000
  2.2321706e+000
  2.1409539e+000
  2.3054477e+000
  1.5115687e+000
  2.0645087e+000
  2.8554262e+000
  3.1798085e+000
  2.5071354e+000
  1.8640014e+000
  1.8476455e+000
  5.0728995e+000
  7.4834597e+000
  3.7243729e+000
  3.0566128e+000
  2.9194499e+000
  2.7455769e+000
  3.3004975e+000
  2.5844642e+000
